49.0,29.0,48.0,56.0,24.0,35.0,negative
7.0,4.0,48.0,54.0,35.0,44.0,negative
56.0,4.0,48.0,49.0,37.0,46.0,negative
59.0,49.0,48.0,52.0,45.0,36.0,negative
23.0,32.0,48.0,55.0,25.0,35.0,negative
67.0,39.0,48.0,36.0,38.0,46.0,negative
21.0,34.0,48.0,51.0,28.0,39.0,negative
2.0,44.0,48.0,46.0,51.0,57.0,negative
42.0,4.0,48.0,56.0,18.0,3.0,negative
42.0,24.0,48.0,57.0,27.0,37.0,negative
22.0,43.0,48.0,48.0,16.0,28.0,negative
25.0,4.0,48.0,46.0,44.0,52.0,negative
34.0,45.0,48.0,38.0,24.0,35.0,negative
44.0,27.0,48.0,55.0,52.0,58.0,negative
23.0,4.0,48.0,39.0,28.0,38.0,negative
4.0,45.0,48.0,38.0,22.0,0.0,negative
31.0,23.0,48.0,73.0,5.0,14.0,negative
51.0,54.0,48.0,41.0,34.0,43.0,negative
3.0,16.0,48.0,56.0,11.0,23.0,negative
36.0,39.0,48.0,48.0,22.0,23.0,negative
29.0,37.0,48.0,48.0,44.0,52.0,negative
25.0,4.0,48.0,47.0,33.0,42.0,negative
21.0,51.0,48.0,5.0,32.0,41.0,negative
43.0,37.0,48.0,53.0,35.0,44.0,negative
53.0,38.0,48.0,44.0,26.0,36.0,negative
34.0,33.0,48.0,38.0,35.0,44.0,negative
56.0,51.0,48.0,34.0,37.0,46.0,negative
4.0,29.0,48.0,42.0,35.0,44.0,negative
24.0,35.0,48.0,31.0,19.0,31.0,negative
36.0,54.0,48.0,41.0,38.0,46.0,negative
29.0,52.0,48.0,42.0,29.0,39.0,negative
65.0,47.0,48.0,59.0,3.0,4.0,negative
32.0,42.0,48.0,35.0,28.0,38.0,negative
38.0,46.0,48.0,48.0,22.0,29.0,negative
33.0,45.0,48.0,52.0,32.0,41.0,negative
3.0,37.0,48.0,59.0,41.0,49.0,negative
28.0,38.0,48.0,5.0,33.0,42.0,negative
61.0,45.0,48.0,48.0,35.0,41.0,negative
17.0,38.0,48.0,45.0,42.0,5.0,negative
44.0,35.0,48.0,55.0,55.0,61.0,negative
43.0,4.0,48.0,39.0,28.0,39.0,negative
42.0,35.0,48.0,58.0,15.0,27.0,negative
23.0,33.0,48.0,43.0,33.0,43.0,negative
37.0,52.0,48.0,42.0,42.0,36.0,negative
29.0,3.0,48.0,45.0,3.0,17.0,negative
22.0,36.0,48.0,35.0,39.0,47.0,negative
23.0,58.0,48.0,37.0,53.0,59.0,negative
54.0,47.0,48.0,28.0,33.0,42.0,negative
51.0,37.0,48.0,35.0,36.0,45.0,negative
4.0,35.0,48.0,45.0,33.0,42.0,negative
44.0,34.0,48.0,3.0,33.0,43.0,negative
42.0,38.0,48.0,54.0,34.0,43.0,negative
52.0,36.0,48.0,41.0,28.0,38.0,negative
36.0,41.0,48.0,48.0,47.0,54.0,negative
18.0,3.0,48.0,46.0,24.0,35.0,negative
47.0,29.0,48.0,51.0,33.0,43.0,negative
24.0,43.0,48.0,54.0,52.0,59.0,negative
25.0,37.0,48.0,43.0,26.0,36.0,negative
35.0,48.0,48.0,56.0,4.0,48.0,negative
26.0,26.0,48.0,34.0,25.0,35.0,negative
37.0,5.0,48.0,42.0,36.0,45.0,negative
44.0,42.0,48.0,42.0,25.0,2.0,negative
42.0,3.0,48.0,48.0,26.0,36.0,negative
48.0,42.0,48.0,45.0,25.0,35.0,negative
41.0,48.0,48.0,51.0,44.0,51.0,negative
44.0,28.0,48.0,43.0,27.0,37.0,negative
29.0,41.0,48.0,48.0,38.0,46.0,negative
34.0,28.0,48.0,41.0,35.0,44.0,negative
41.0,43.0,48.0,45.0,31.0,41.0,negative
36.0,56.0,48.0,43.0,45.0,53.0,negative
4.0,46.0,48.0,52.0,49.0,56.0,negative
52.0,44.0,48.0,37.0,36.0,42.0,negative
53.0,42.0,48.0,16.0,29.0,39.0,negative
34.0,46.0,48.0,52.0,35.0,44.0,negative
4.0,42.0,48.0,37.0,27.0,27.0,negative
41.0,43.0,48.0,5.0,24.0,25.0,negative
3.0,45.0,48.0,36.0,21.0,32.0,negative
31.0,47.0,48.0,29.0,28.0,39.0,negative
35.0,37.0,48.0,3.0,34.0,43.0,negative
65.0,55.0,48.0,34.0,37.0,28.0,negative
51.0,46.0,48.0,58.0,31.0,41.0,negative
38.0,4.0,48.0,63.0,25.0,35.0,negative
24.0,57.0,48.0,63.0,34.0,43.0,negative
38.0,26.0,48.0,54.0,16.0,28.0,negative
33.0,47.0,48.0,53.0,18.0,29.0,negative
24.0,34.0,48.0,38.0,3.0,4.0,negative
43.0,32.0,48.0,33.0,45.0,52.0,negative
49.0,43.0,48.0,49.0,3.0,4.0,negative
47.0,28.0,48.0,56.0,2.0,25.0,negative
32.0,33.0,48.0,6.0,6.0,2.0,negative
34.0,35.0,48.0,51.0,49.0,56.0,negative
38.0,3.0,48.0,43.0,29.0,39.0,negative
38.0,44.0,48.0,43.0,2.0,31.0,negative
41.0,51.0,48.0,58.0,2.0,31.0,negative
34.0,42.0,48.0,41.0,34.0,43.0,negative
51.0,49.0,48.0,53.0,14.0,26.0,negative
25.0,51.0,48.0,37.0,42.0,5.0,negative
29.0,28.0,48.0,5.0,42.0,5.0,negative
25.0,26.0,48.0,39.0,32.0,42.0,negative
24.0,41.0,48.0,49.0,23.0,34.0,negative
17.0,39.0,48.0,53.0,3.0,39.0,negative
4.0,31.0,48.0,41.0,29.0,39.0,negative
28.0,33.0,48.0,45.0,22.0,33.0,negative
23.0,34.0,48.0,43.0,26.0,37.0,negative
0.0,38.0,48.0,42.0,48.0,55.0,negative
39.0,31.0,48.0,38.0,34.0,43.0,negative
3.0,44.0,48.0,49.0,22.0,33.0,negative
27.0,3.0,48.0,71.0,28.0,39.0,negative
17.0,52.0,48.0,49.0,37.0,46.0,negative
36.0,42.0,48.0,53.0,32.0,41.0,negative
3.0,37.0,48.0,43.0,18.0,3.0,negative
4.0,41.0,48.0,55.0,22.0,33.0,negative
22.0,34.0,48.0,42.0,29.0,39.0,negative
44.0,35.0,48.0,44.0,52.0,59.0,negative
27.0,42.0,48.0,37.0,38.0,43.0,negative
16.0,43.0,48.0,54.0,27.0,37.0,negative
6.0,61.0,48.0,49.0,92.0,37.0,negative
44.0,52.0,48.0,43.0,47.0,54.0,negative
23.0,48.0,48.0,59.0,88.0,89.0,negative
34.0,49.0,48.0,58.0,85.0,8.0,negative
27.0,35.0,48.0,51.0,77.0,79.0,negative
52.0,39.0,48.0,65.0,71.0,73.0,negative
29.0,47.0,48.0,71.0,65.0,69.0,negative
55.0,47.0,48.0,57.0,78.0,8.0,negative
12.0,67.0,48.0,74.0,58.0,63.0,negative
73.0,36.0,48.0,53.0,91.0,92.0,negative
84.0,44.0,48.0,48.0,71.0,74.0,negative
48.0,45.0,48.0,6.0,78.0,8.0,negative
54.0,49.0,48.0,4.0,87.0,88.0,negative
72.0,46.0,48.0,51.0,66.0,7.0,negative
47.0,55.0,48.0,58.0,71.0,75.0,negative
33.0,56.0,48.0,33.0,78.0,8.0,negative
64.0,58.0,48.0,48.0,78.0,73.0,negative
47.0,59.0,48.0,52.0,76.0,79.0,negative
63.0,5.0,48.0,59.0,85.0,86.0,negative
49.0,42.0,48.0,53.0,79.0,81.0,negative
31.0,5.0,48.0,57.0,84.0,85.0,negative
74.0,44.0,48.0,55.0,88.0,89.0,negative
45.0,4.0,48.0,61.0,74.0,77.0,negative
71.0,4.0,48.0,71.0,7.0,74.0,negative
66.0,53.0,48.0,59.0,66.0,66.0,negative
83.0,37.0,48.0,61.0,71.0,74.0,negative
34.0,51.0,48.0,67.0,9.0,9.0,negative
63.0,54.0,48.0,65.0,79.0,81.0,negative
7.0,4.0,48.0,56.0,86.0,83.0,negative
16.0,51.0,48.0,33.0,39.0,48.0,negative
74.0,7.0,48.0,66.0,65.0,69.0,negative
2.0,46.0,48.0,57.0,78.0,81.0,negative
89.0,55.0,48.0,51.0,72.0,76.0,negative
7.0,46.0,48.0,56.0,78.0,73.0,negative
12.0,43.0,48.0,63.0,7.0,74.0,negative
33.0,37.0,48.0,46.0,65.0,69.0,negative
63.0,65.0,48.0,66.0,67.0,71.0,negative
41.0,51.0,48.0,53.0,75.0,78.0,negative
34.0,67.0,48.0,52.0,76.0,79.0,negative
58.0,34.0,48.0,56.0,87.0,81.0,negative
51.0,4.0,48.0,57.0,62.0,67.0,negative
5.0,57.0,48.0,71.0,61.0,66.0,negative
6.0,46.0,48.0,45.0,81.0,83.0,negative
58.0,55.0,48.0,57.0,7.0,74.0,negative
36.0,47.0,48.0,51.0,69.0,72.0,negative
39.0,41.0,48.0,52.0,72.0,75.0,negative
35.0,51.0,48.0,61.0,71.0,74.0,negative
61.0,66.0,48.0,46.0,87.0,88.0,negative
48.0,49.0,48.0,52.0,77.0,71.0,negative
11.0,5.0,48.0,58.0,72.0,68.0,negative
31.0,36.0,48.0,58.0,94.0,94.0,negative
68.0,51.0,48.0,71.0,75.0,78.0,negative
69.0,39.0,48.0,57.0,76.0,79.0,negative
52.0,54.0,48.0,62.0,76.0,79.0,negative
46.0,59.0,48.0,36.0,76.0,23.0,negative
36.0,45.0,48.0,38.0,79.0,17.0,negative
1.0,49.0,48.0,41.0,67.0,21.0,negative
3.0,51.0,48.0,42.0,61.0,34.0,negative
61.0,47.0,48.0,0.0,8.0,32.0,negative
71.0,52.0,48.0,64.0,1.0,99.0,negative
72.0,42.0,48.0,65.0,77.0,79.0,negative
79.0,41.0,48.0,66.0,81.0,83.0,negative
83.0,48.0,48.0,65.0,76.0,79.0,negative
69.0,43.0,48.0,59.0,74.0,77.0,negative
79.0,36.0,48.0,46.0,82.0,7.0,negative
78.0,33.0,48.0,57.0,77.0,79.0,negative
75.0,37.0,48.0,64.0,7.0,74.0,negative
67.0,37.0,48.0,54.0,64.0,68.0,negative
66.0,48.0,48.0,54.0,7.0,74.0,negative
64.0,46.0,48.0,48.0,73.0,76.0,negative
76.0,71.0,48.0,5.0,71.0,75.0,negative
84.0,49.0,48.0,55.0,78.0,74.0,negative
77.0,55.0,48.0,51.0,78.0,74.0,negative
81.0,44.0,48.0,42.0,67.0,68.0,negative
58.0,6.0,48.0,59.0,73.0,76.0,negative
63.0,42.0,48.0,48.0,77.0,8.0,negative
86.0,39.0,48.0,59.0,89.0,9.0,negative
47.0,46.0,48.0,62.0,74.0,77.0,negative
76.0,41.0,48.0,5.0,59.0,62.0,negative
81.0,52.0,48.0,57.0,78.0,8.0,negative
73.0,26.0,48.0,57.0,75.0,78.0,negative
49.0,61.0,1.0,56.0,71.0,74.0,negative
88.0,42.0,48.0,52.0,73.0,75.0,negative
63.0,51.0,48.0,64.0,72.0,76.0,negative
86.0,55.0,48.0,63.0,81.0,83.0,negative
57.0,38.0,48.0,6.0,49.0,33.0,negative
78.0,44.0,48.0,45.0,73.0,68.0,negative
7.0,61.0,48.0,56.0,52.0,43.0,negative
66.0,86.0,48.0,34.0,41.0,36.0,negative
73.0,78.0,48.0,58.0,51.0,31.0,negative
65.0,57.0,48.0,47.0,47.0,51.0,negative
72.0,86.0,48.0,17.0,55.0,21.0,negative
67.0,81.0,48.0,54.0,49.0,23.0,negative
67.0,61.0,48.0,51.0,37.0,38.0,negative
57.0,59.0,48.0,39.0,47.0,33.0,negative
71.0,71.0,48.0,4.0,54.0,39.0,negative
66.0,74.0,48.0,31.0,38.0,43.0,negative
67.0,81.0,48.0,25.0,42.0,25.0,negative
64.0,72.0,48.0,49.0,42.0,19.0,negative
68.0,82.0,48.0,38.0,65.0,56.0,negative
32.0,39.0,48.0,53.0,28.0,38.0,negative
7.0,64.0,48.0,47.0,51.0,47.0,negative
63.0,57.0,48.0,49.0,7.0,2.0,negative
74.0,82.0,48.0,49.0,49.0,41.0,negative
63.0,86.0,48.0,39.0,47.0,34.0,negative
63.0,83.0,48.0,4.0,39.0,19.0,negative
63.0,71.0,48.0,6.0,4.0,39.0,negative
71.0,86.0,48.0,4.0,54.0,32.0,negative
68.0,78.0,48.0,43.0,44.0,42.0,negative
64.0,84.0,48.0,37.0,45.0,4.0,negative
74.0,47.0,48.0,5.0,57.0,42.0,negative
75.0,84.0,48.0,35.0,52.0,33.0,negative
7.0,71.0,48.0,42.0,84.0,85.0,negative
69.0,8.0,48.0,46.0,57.0,26.0,negative
64.0,66.0,48.0,41.0,39.0,2.0,negative
63.0,8.0,48.0,46.0,31.0,29.0,negative
66.0,71.0,48.0,41.0,5.0,35.0,negative
69.0,59.0,48.0,46.0,44.0,52.0,negative
68.0,67.0,48.0,49.0,4.0,34.0,negative
62.0,78.0,48.0,47.0,49.0,54.0,negative
64.0,81.0,48.0,37.0,39.0,44.0,negative
29.0,39.0,48.0,52.0,4.0,48.0,negative
56.0,54.0,48.0,43.0,37.0,3.0,negative
69.0,66.0,48.0,41.0,5.0,25.0,negative
69.0,65.0,48.0,63.0,48.0,41.0,negative
43.0,59.0,48.0,52.0,49.0,56.0,negative
74.0,56.0,48.0,47.0,68.0,3.0,negative
71.0,57.0,48.0,48.0,35.0,32.0,negative
74.0,74.0,48.0,31.0,53.0,52.0,negative
78.0,68.0,48.0,83.0,4.0,29.0,positive
63.0,69.0,48.0,65.0,41.0,28.0,positive
67.0,88.0,48.0,73.0,5.0,25.0,positive
61.0,75.0,48.0,51.0,33.0,33.0,positive
67.0,84.0,48.0,74.0,54.0,37.0,positive
73.0,84.0,48.0,86.0,58.0,29.0,positive
77.0,57.0,48.0,88.0,53.0,2.0,positive
74.0,78.0,48.0,75.0,54.0,15.0,positive
68.0,76.0,48.0,84.0,45.0,27.0,positive
56.0,68.0,48.0,77.0,36.0,45.0,positive
52.0,81.0,48.0,72.0,38.0,38.0,positive
64.0,57.0,48.0,7.0,33.0,26.0,positive
6.0,76.0,1.0,77.0,59.0,52.0,positive
69.0,59.0,48.0,77.0,39.0,21.0,positive
63.0,49.0,48.0,79.0,45.0,28.0,positive
68.0,63.0,48.0,73.0,4.0,3.0,positive
77.0,57.0,1.0,37.0,54.0,1.0,positive
66.0,49.0,1.0,54.0,56.0,36.0,positive
67.0,55.0,1.0,66.0,58.0,16.0,positive
68.0,49.0,1.0,62.0,55.0,28.0,positive
73.93831654113477,81.31856431815866,48.0,81.82328195128427,56.35666740336902,16.215512950463545,positive
63.0,62.622340499334065,48.0,70.3712176801735,44.905945009689326,28.0,positive
70.77969206731265,67.85169867931118,48.0,79.12067359538828,4.0,33.99727427766381,positive
59.174404900450654,78.01476010562705,48.0,81.02022206516762,42.806327258991985,34.51486110104533,positive
61.35268887247214,53.41950841158333,48.0,1.4770998642462025,12.901137146624869,30.831203698740715,positive
63.94702692503858,58.846935712414236,1.0,65.95157847808902,64.42704499452873,39.85388399820316,positive
50.320093738218915,60.05454858830605,1.0,54.3177002653774,56.27328147713679,67.83138501029417,positive
65.45124721241437,49.28895725086447,48.0,84.05503725639753,50.61860139305354,18.261822332112516,positive
75.76145910245033,49.431757086789254,1.0,55.25010676743055,54.91135695812838,4.276516665758171,positive
66.64282260145167,66.51108526114795,48.0,63.18884342792688,43.17071657959514,36.09807688287164,positive
52.207898687302595,75.12590215373157,48.0,75.60372994862459,37.598317486126916,42.780754849826074,positive
63.3666983428156,85.63993113819062,48.0,72.19011548510065,25.83588355552034,34.16948951533162,positive
65.3613623817835,57.60700836942,48.0,72.92444017485397,4.626002323902825,2.5609203371268183,positive
63.97781629913012,74.02980759761489,48.0,50.78759994004989,40.44324013230548,31.960444717857847,positive
72.92298232705582,80.22825451499568,48.0,85.29608631392632,57.5602518146562,28.423302863427686,positive
68.10152182188313,72.47933653808397,48.0,80.87449314547663,41.383951417369374,24.770375224331445,positive
73.0,78.02182420478042,48.0,63.67602956214026,56.437364064551865,30.298332151653845,positive
49.61730267665659,57.21778102132857,1.0,74.59816304727528,58.08453073561453,19.716288186360593,positive
75.05432287509893,56.567527986278016,1.0,49.55923564089899,54.707323782830784,10.482735779088891,positive
71.22679940095165,78.2710480976723,48.0,66.24630213523643,52.146577711546136,33.87423916593665,positive
68.06201312257419,82.01821839434459,48.0,74.29127643527552,54.0,34.78474870370666,positive
67.23045190616654,61.47557085228706,48.0,72.68677385658243,47.10325268765674,34.87751978515629,positive
74.03617756190654,67.10460714155568,48.0,64.71621190509462,4.0,29.6123162200774,positive
54.63843978806122,71.99713416598505,48.0,69.92191706672943,38.903048122384114,36.731412049624154,positive
64.72078337168838,56.38807581649488,48.0,9.179708188145389,33.47635839508885,27.47126437466669,positive
66.76899816298744,49.33309171782272,1.0,59.24743879309288,56.002012583437015,22.668676923232503,positive
66.95985668454851,54.45496849649111,1.0,59.807472768338044,57.768595376133504,23.661834770678706,positive
70.45637935904475,58.97132912748958,48.0,81.96913213227182,48.04256970666466,15.046969602944918,positive
71.35409443886154,50.297132875343806,1.0,42.58960489854318,55.80392492404488,35.93612854695488,positive
65.22600687090156,67.1949855643752,48.0,63.22305120282008,43.461580535336736,33.991022513584475,positive
60.69307233684648,68.94504606931494,48.0,70.5427785737343,38.14579391894341,32.04302217604062,positive
70.57069759272204,78.64399265429752,48.0,78.02994085514158,4.231763567144464,26.80819855528706,positive
66.72174182250843,47.4770465575134,48.0,60.12483100407117,3.1381836628009694,3.1337220167747883,positive
61.328285477538984,72.81581117830743,48.0,51.0,35.00468589963471,35.01354363263099,positive
72.07595631273263,80.22469313626644,48.0,84.1761271244115,46.013956165562796,27.064167106511196,positive
68.87219335604411,58.92440396992274,48.0,77.52489920978962,42.050005459196726,27.674595441552004,positive
73.43262384454323,78.32232271467933,48.0,80.33193781131246,57.53043566219562,18.8109149444566,positive
62.91997070747794,49.989589405296584,1.0,59.54000008511261,58.70433068655963,39.4584283844396,positive
75.54597744741866,51.29061151510744,1.0,58.61463166104167,54.573042764397165,8.080487664465032,positive
67.31598014896494,82.82902780741004,48.0,81.56831928050052,51.59438609248995,27.552433751177865,positive
71.39248739475849,77.60070146040405,48.0,81.43143274034901,46.59762740018447,25.45579095393076,positive
63.0,58.015812346312394,48.0,68.63782825123435,44.603003294081766,28.0,positive
68.84787640279774,72.16752123085502,48.0,78.47930835951826,4.161914732834656,28.131844362868264,positive
53.75375425112954,73.43908231026145,48.0,73.87613151771562,37.49989391437838,41.951073584033516,positive
59.71982745322303,51.220770647950914,48.0,10.083497785238599,31.29558763707796,38.75824471672213,positive
56.920853388491736,58.33756428944765,1.0,60.25739313931139,68.06055776923426,41.325416888306265,positive
66.23324740942475,49.41312545793699,1.0,64.2593986926721,57.295241919037295,17.900071852845198,positive
76.59255116208124,71.67970541327409,48.0,77.87783951085831,53.42727435372488,3.465082364982203,positive
73.3469235819451,55.2754619604504,1.0,49.60980851265231,55.522642005736934,13.366510166662025,positive
67.92926376427556,62.71761596063296,48.0,76.60440331701128,40.80290561986145,23.113291045082814,positive
54.62489788891941,77.41761731802558,48.0,73.47890019979852,36.69889060749427,39.68991307523716,positive
76.18844419758982,76.59790305781718,48.0,82.1159644113684,4.304756998341543,25.38088827991854,positive
66.15123029375303,49.926596200634535,48.0,63.3106546090306,3.0516401520805374,3.47360564527722,positive
62.251232329963635,74.54034950353959,48.0,52.901778060978856,34.27602734185658,28.293728110296858,positive
67.65373993421032,77.89615627092165,48.0,78.3930224246347,45.18255600267622,33.386565726008044,positive
68.34783109329193,62.67824463412819,48.0,80.74288446817516,41.48885088197473,21.392411738345412,positive
73.0,80.41968485779431,48.0,74.87670733840775,52.55461574570696,29.03188076560921,positive
30.784101567722633,73.4637391159059,1.0,66.47837594048242,56.62557270406609,45.21353854471867,positive
69.20900375408739,53.69964389519521,1.0,53.843686479214426,54.71541007640807,12.379302546578698,positive
71.95802667870099,80.81161059086378,48.0,63.158651002175475,53.38681498742,32.013274047783696,positive
71.10536294956569,77.52074727046381,48.0,83.37219469409769,50.017566326290066,18.173781023974897,positive
63.0,49.62172818653383,48.0,68.30569586405022,41.4486101372732,28.0,positive
77.81147577274406,61.76790669165273,48.0,80.9946683792499,22.136097820665196,26.270859973355382,positive
53.95094315585285,74.49704109393265,48.0,73.4916741044684,36.59498248311657,42.5969459556175,positive
58.20132168278322,50.86220126546364,48.0,6.029683294274692,45.30334611881827,32.787557626679416,positive
72.87944915809094,56.09917623956609,1.0,64.44831045200841,55.54069364020052,8.420432538691259,positive
66.20168367041927,49.0,1.0,57.18027066487969,55.68557115518125,29.980402685463044,positive
67.42021902383267,54.261859159465274,48.0,84.73035207118862,52.71778858282476,19.432118115039902,positive
76.16511638054212,55.599263689818805,1.0,47.31986931106578,54.527458088117285,18.596307268296584,positive
69.80519195922095,71.53270295940008,48.0,62.41531445820786,50.193004192959826,29.64846790062694,positive
52.17086491643073,72.93286762848439,48.0,76.56308519577797,36.479614466962616,42.17215894703522,positive
67.0204108428376,83.50018426000338,48.0,72.86420255770324,4.484840686654671,28.88894751285934,positive
65.93856398001364,60.10829437536184,48.0,60.36524205130521,5.966945333882386,2.477403129476186,positive
61.32968573279201,69.24813125352128,48.0,55.1124240220745,38.544543047704956,29.029706432649824,positive
67.41706308367607,76.7255058282042,48.0,83.19210940364846,53.56926928624797,36.74095341072142,positive
63.94905503428245,49.122376973433326,48.0,77.20137675007472,39.01496447203278,25.954410708097253,positive
68.60979198697443,81.49738130520542,48.0,85.50477412379483,51.001649341874064,27.37394846436997,positive
29.78946072763717,72.85371253590252,1.0,76.7655019105369,58.8699975546263,36.17588704866005,positive
66.92870300480054,49.0,1.0,57.10311382868087,55.979641790419684,33.93415306830202,positive
59.9559895310818,81.24499431579429,48.0,72.48790177781665,47.18936087796903,37.63546359354562,positive
73.10201092192735,80.56319625441469,48.0,82.37038237358082,54.59762835355139,25.754101287142046,positive
63.67139895140472,53.664291145651234,48.0,77.41804355822208,43.787481738877226,21.306962899591017,positive
68.13250451145869,67.8089729377549,48.0,49.88830418510294,4.0,30.736217017866803,positive
53.16124155239789,69.54940260169703,48.0,73.20187230654506,37.35050477307885,41.90778482712767,positive
61.33889325126232,54.83871939194024,48.0,14.1967865889881,31.598212220681976,27.524505205159304,positive
66.16934710246625,50.96566823816019,1.0,59.41603345361712,56.09114317044753,16.68498202625667,positive
67.15762216431516,49.0,1.0,61.47289059045586,55.809921506632904,32.13806418465871,positive
68.10835891262107,69.93614716749762,48.0,84.61083315892505,48.25078273066747,15.46016929525663,positive
58.430958001505815,58.578391777340045,1.0,40.58599237001193,68.7524736897746,48.747073595941565,positive
69.7330000311951,71.62497905610154,48.0,64.20092446566598,41.49419560699684,29.997793895123,positive
64.1284466705005,67.38536401499447,48.0,66.14358989539122,44.055051718117895,42.480990933733274,positive
67.95781494310393,70.17295054975334,48.0,59.72412330474508,4.603115334566404,29.607309142112996,positive
67.5790121749449,58.61471119967617,48.0,70.3596640526621,4.936721516587778,2.2828230067409807,positive
62.58069968024345,75.51610885482465,48.0,47.371105547687556,37.19388894696724,39.538529884943586,positive
67.07447812428165,77.28018055089952,48.0,74.18890759168964,47.324268006463974,33.243770931434895,positive
67.55810811850198,52.58787215418139,48.0,77.32930936284983,40.89953337359022,26.548838296877577,positive
68.58701680216056,84.0,48.0,75.88027351345565,56.53051844551996,33.99827082474304,positive
25.683264644797994,50.75040120677332,1.0,64.99281490236815,57.961006488445214,31.66949666757369,positive
67.70633306982732,49.0,1.0,56.945886174690955,55.31478623349298,31.70202911658436,positive
69.89078768411662,81.97154404677713,48.0,73.64900608901053,52.447923957510916,31.306674829262278,positive
73.05550363685607,78.0,48.0,72.21778097889089,53.07378923770596,24.390101427228856,positive
63.0,50.47867081504462,48.0,74.22051709891136,44.18074852294905,28.0,positive
73.7457499324691,67.490355668798,48.0,62.690981353881156,4.0,29.81084664687905,positive
57.30192540026799,83.97478154777022,48.0,72.99804456436982,50.97490578535157,37.4970422544449,positive
64.71375717818073,56.81822063938341,48.0,16.997465916737035,36.3342618856069,26.338722060952545,positive
69.45606663607498,55.71118840171644,1.0,63.336533834467545,56.74051165020259,2.408670308850084,positive
66.97470971155474,52.90583267620518,1.0,59.67133705184164,57.93263887585755,17.84953744638576,positive
74.328593070724,70.93989634589514,48.0,83.65867992311605,53.5468684970861,4.272564745134462,positive
71.32427032589734,53.91373140158749,1.0,39.70000394819224,54.67876249545596,27.72085652672829,positive
64.77158893657293,67.08162433799994,48.0,63.799874600832894,44.17623947986377,32.60071057265212,positive
57.33495439471323,68.01660596111698,48.0,66.3112696961719,39.636054580411034,34.329508397189656,positive
66.3560019736256,84.335022314691,48.0,72.87847222711885,27.451357705425476,29.342043286598408,positive
76.52082963477028,64.02368870835035,48.0,80.66280015224763,4.0,11.682258070402863,positive
61.71758264357711,73.7023359947852,48.0,49.17142653759052,39.02293033192595,20.287390569849094,positive
71.66203165365032,76.7867778459181,48.0,80.42211884873753,48.98515033052524,25.758964879625992,positive
69.0,59.407854962267116,48.0,73.39309146742168,40.80719954418206,21.902552864091394,positive
73.10837382103509,78.39602140462078,48.0,83.85787904244724,57.659788629928215,24.719347371765764,positive
47.04116215978499,64.92757845923153,1.0,75.4255141566095,58.642718365188806,24.49823272416114,positive
67.68273939890004,50.57095345734145,1.0,63.53424797303846,57.11373212527667,24.06310821238909,positive
53.14866256692958,81.21091882730359,48.0,72.29260360852815,38.15932757729785,37.8160443616752,positive
73.0741929792735,78.0,48.0,74.3158227167161,53.17946452289265,25.190185173765457,positive
64.36390585186855,56.1247968173098,48.0,78.81650917742166,44.398667090781444,27.844150351626148,positive
75.06898078051204,67.8471706752255,48.0,77.39993687918864,4.0,32.073462760499595,positive
60.42200479333158,82.27074988921615,48.0,73.18122957920784,51.88959279994261,37.650274304323126,positive
61.41456540093858,51.042270667601116,48.0,6.506068193260764,33.125058169451236,26.12888827459289,positive
67.52530774227348,56.535513924669736,1.0,43.744201566203216,55.84100736954141,15.707711130475046,positive
66.08095763354395,49.0,1.0,59.671082661004355,55.438047093645544,35.656958981389046,positive
75.77889391506494,71.01648908018238,48.0,87.55296326518273,48.03420089730675,3.6171698334191547,positive
51.16494081211012,60.076733474973274,1.0,51.8035028967318,67.48177478525537,29.60421906837008,positive
61.050996188171844,73.88026820066013,48.0,59.88355498204307,35.65151311323959,31.80342743853531,positive
68.54900835001177,67.70068416319516,48.0,71.99709480006653,40.76093712929854,43.288110894676365,positive
61.70432014286745,82.88106408792028,48.0,72.45001896942968,6.244832256381391,36.055751590429374,positive
67.16633402285346,80.49287547455017,48.0,73.0,4.293636226128136,13.197789995412757,positive
62.775437001070735,71.73399751046009,48.0,53.63265654427562,34.93497256330796,28.38964079982398,positive
70.53909497576059,81.56067661705993,48.0,84.64503039036505,45.22739971483651,27.802409708867113,positive
68.93470174441157,75.25885928471396,48.0,82.93694972918648,40.02373955838164,22.835496850368937,positive
68.86014807488431,76.7185367371721,48.0,84.6035507693726,49.80075137532881,28.91127110637503,positive
43.91864231460605,61.53039087514097,1.0,68.4723358655136,56.69690581024941,34.05594335102679,positive
75.17736790127832,51.136842674605035,1.0,61.90005368444505,54.340941609835866,10.522972200670772,positive
58.2324280820097,83.05867559486961,48.0,72.23221144962,38.29491176883314,37.83171406511118,positive
72.84587545098225,78.32636682249523,48.0,74.79326114045132,54.0,29.87768769424165,positive
56.32282893692556,55.52296330250609,48.0,78.75635692507471,40.5889515669234,33.515601546301276,positive
72.78738220821322,64.61867903255117,48.0,81.81353204795555,4.0,25.150923292459325,positive
56.08250476221997,69.40621782882864,48.0,65.9890065781986,38.442735496103396,30.285705425482888,positive
63.71040468551313,54.00610371812154,48.0,1.3179049497784376,26.27675846790585,28.56908310845278,positive
66.05746398493241,54.683428760659865,1.0,65.34768733468916,56.47912443963888,33.325534820729075,positive
66.76509524122486,51.04008541449357,1.0,54.350104369147495,57.36563417224811,24.78516571609154,positive
75.93907294026486,53.72385709721809,48.0,79.41917821432784,47.185471744045905,21.659305437091774,positive
68.14664116136301,51.671417746571805,1.0,44.98320541839277,54.55004396782897,19.136716301713346,positive
67.14756401523897,67.15100972724058,48.0,71.8421615027691,39.34660706857132,22.741555619881858,positive
66.65605457008374,67.11075735292435,48.0,72.05060032543123,45.28579015566135,43.8899191552851,positive
67.3397927134503,65.9483978504017,48.0,73.0,4.390411898585266,20.688183976133566,positive
74.46440933823624,66.28323269388342,48.0,77.26897382203158,4.0,20.449599765904054,positive
62.69651872527291,74.2098113445738,48.0,49.91961001667667,40.236747054210866,28.764723288630613,positive
67.16123979928696,83.79096827256102,48.0,77.01964131743841,48.94994503736521,29.26990379213323,positive
66.50349430296396,68.26244550979033,48.0,73.86773942849653,39.987478255660704,27.52533736450036,positive
69.15743437714099,77.34811236746822,48.0,84.86254648460098,52.76935129067122,27.416070581823092,positive
36.25787519462568,62.69871548143498,1.0,56.27413256432891,67.8466343631828,73.49685640702239,positive
67.82773763717705,53.10001057834987,1.0,63.28602248998351,56.83493633799366,19.23951491684928,positive
53.65647123018272,83.76576856468665,48.0,73.90426006249893,52.79986617219823,37.910165269362246,positive
73.19674733065281,82.35482980226229,48.0,77.84232289375052,54.01057732600536,25.822167167634085,positive
67.4822555208118,54.712887380707656,48.0,77.2460802945842,40.929133907967966,25.346185806497523,positive
70.42464414002264,72.60886517533721,48.0,76.58943741650124,4.041273023884461,28.432733277534755,positive
56.359608888213906,74.25995523669583,48.0,67.99924372315488,39.32565726157924,28.954247981405814,positive
62.844696020434895,48.07055757534814,48.0,4.013877952662243,8.530320829561244,31.632992182472588,positive
52.53703965108418,58.57929146082705,1.0,63.058905532391485,69.37752453522992,42.31897073585154,positive
68.31097490245067,55.090496823596396,1.0,52.989310530638626,55.12302238168912,4.588735485555826,positive
70.59076305713879,51.087699817342134,48.0,82.2496866259158,51.57034010323301,9.040679695167462,positive
73.5352464806558,50.97688072688992,1.0,39.89590030398541,54.682920771931215,14.00241943802009,positive
61.824168458179905,74.97204513221698,48.0,60.44064188836819,40.0804229978836,30.332036368762953,positive
58.37367451140905,68.4711302791977,48.0,65.84901168390971,37.53420451976132,43.58666065927227,positive
67.37840012835912,78.95014425253397,48.0,53.811925293178184,4.517574058692501,31.082541128746097,positive
67.4953579995013,85.90199055582575,48.0,73.0,4.034305542294606,3.023445862586936,positive
63.60025637791097,69.30346963564011,48.0,51.0,33.598238281839016,37.02858272286883,positive
72.30681150842231,76.8203890537558,48.0,77.38056930961329,46.96673641950695,22.917828141865574,positive
68.92736240450363,75.49690084238146,48.0,78.92145124013622,44.400478397732705,26.843535428119743,positive
69.09597169866795,84.0,48.0,80.85554440552274,57.56604281939023,30.922815519208733,positive
42.963705144725346,63.65312019571837,1.0,67.50755296512978,65.12260217579458,54.884202307514364,positive
67.70831065558775,49.031937318986955,1.0,64.20543667401179,55.85970763091247,27.348086546867883,positive
67.0206792193529,82.62636069255147,48.0,79.55174830109533,48.14699424755497,33.86601664154274,positive
70.64433871596215,77.3963159507304,48.0,81.2026071804238,46.57322258743899,17.045541505255656,positive
59.03971665518756,52.156010243917436,48.0,78.04651210002157,43.237727266268394,44.01293424922171,positive
71.86075067820646,86.94363281938817,48.0,79.1989609435678,4.223065637770787,26.353892375265502,positive
56.67832653841194,82.5776238149527,48.0,72.93275550192533,41.39078805733497,37.073160768477145,positive
63.79185171738095,53.879392104741065,48.0,3.4031620873164377,16.1453828209965,31.106369561632725,positive
67.41507887079221,52.072719398150035,1.0,62.27422576424147,57.97048421051367,17.321294691789113,positive
61.40041499717799,51.47251822667225,1.0,55.55555493101971,61.08234895446786,63.460789959065416,positive
70.03321579952812,72.8668039462584,48.0,84.8765406171201,50.43196441941993,18.098885738431616,positive
74.58934963517936,56.916549989928924,1.0,45.96539762931802,55.425921977168095,5.455120981710849,positive
63.07890663817856,67.93697917106958,48.0,64.89931305243215,41.24588580018597,35.86774594960364,positive
59.77568914253181,75.80657370211674,48.0,78.8119168542571,40.211612765113124,33.59519937121523,positive
74.74992209092427,84.0843457905013,48.0,77.52513372146309,4.326022877181263,27.298818109550524,positive
65.67182165484309,61.57361300378619,48.0,67.18140613034342,5.3398006975896255,2.262696168763994,positive
62.31185683398699,69.86031394646474,48.0,51.0,36.191836598258355,33.56796712956849,positive
68.0981604601879,71.1636724199,48.0,82.73970598158871,43.92875787779837,23.36228271209886,positive
68.51692350104786,63.67874904863452,48.0,81.19001722937912,44.658217816833606,22.287537032357665,positive
73.0,83.81416915025895,48.0,77.07624479711488,56.87803705378526,30.433122888847073,positive
55.933907631107814,68.22227811844924,1.0,63.536956170776236,55.14859104474705,39.153591916100424,positive
69.85175209239372,55.790625608032784,1.0,53.8193122821061,54.82372864223107,13.4553214764024,positive
70.54718630918079,81.8535386697465,48.0,62.51299049729365,51.11043314612558,36.202569053262614,positive
73.4565838727782,83.90708367750157,48.0,80.5927240158343,57.54363432764433,28.29129399736938,positive
63.0,54.85460230654088,48.0,70.74008820561409,41.17359209510314,28.0,positive
73.15669987548566,66.06661194703864,48.0,77.67723353288761,4.0,17.8775151654376,positive
54.55675351454006,76.49814592912936,48.0,82.88561961852632,38.121636222477655,34.71890986856463,positive
64.91810195797366,55.48650812558124,48.0,19.008927183453626,36.369619131048395,27.989356756378132,positive
67.50426139142948,54.1653719079373,1.0,64.39936023425925,55.46266556157065,16.145633793375687,positive
67.80138048995292,54.3920875916134,1.0,46.249790982928374,54.77696766725867,5.61957988415773,positive
68.69258488479062,60.49951882981577,48.0,85.49962894504716,45.78408731059079,6.2043413425103315,positive
76.26402580819303,55.467111159771726,1.0,64.99055981979572,54.88155217598832,8.015399617874117,positive
66.71415186550401,74.10876436769568,48.0,62.22367711652387,43.58733472412144,30.840263984378705,positive
57.25318706951202,68.85659747866355,48.0,72.27796242012538,36.656135124149976,41.50834224962144,positive
77.85284600524707,70.9889611763979,48.0,74.56256599509159,4.32827258577569,26.96704093858249,positive
66.79752465873041,56.56178254311437,48.0,62.62289085105479,3.8407024757122117,3.6513367683001805,positive
62.75518234721608,71.63359229138796,48.0,51.7905520937625,37.64393475101309,29.4224055659082,positive
69.86003273495851,76.45976098196225,48.0,84.39408704748047,56.55189696638807,27.296083506492405,positive
69.0,63.26059504516288,48.0,65.7856680650586,45.264435057406864,22.371671295671756,positive
68.12918790556935,82.57167866787857,48.0,85.59522715656927,45.22545810737383,27.815764166926133,positive
58.39251103199849,68.63094796833425,1.0,76.73794326069486,58.93929071899919,28.866114421351583,positive
52.452330756176366,54.574950762659334,1.0,59.96567473907922,67.10484800439707,29.127049534828963,positive
67.26251245342911,84.0,48.0,81.93242065435494,57.04437784973519,30.269709270842192,positive
73.63331901424965,80.08170711113299,48.0,85.09630787634993,57.20316234527804,19.777194227349344,positive
61.510135626389285,61.12560552110176,48.0,78.77671081830216,44.477887171923506,28.51127027512224,positive
77.58135794122109,63.92233297235569,48.0,78.6838063793897,16.28298478942053,24.029717683144213,positive
54.6327925900591,70.17078241597028,48.0,76.57385923347081,37.611614296475054,41.2331429174558,positive
61.28091271240767,47.34513288104047,48.0,4.748878815206716,25.65020735679288,27.99791256242943,positive
