0.68,0.49,1.0,0.5,0.62,0.55,0.28,negative
0.12,0.67,0.48,0.5,0.74,0.58,0.63,negative
0.75,0.84,0.48,0.5,0.35,0.52,0.33,negative
0.52,0.44,0.48,0.5,0.37,0.36,0.42,negative
0.47,0.29,0.48,0.5,0.51,0.33,0.43,negative
0.41,0.51,0.48,0.5,0.58,0.2,0.31,negative
0.2,0.46,0.48,0.5,0.57,0.78,0.81,negative
0.41,0.51,0.48,0.5,0.53,0.75,0.78,negative
0.76,0.71,0.48,0.5,0.5,0.71,0.75,positive
0.76,0.41,0.48,0.5,0.5,0.59,0.62,positive
0.3,0.37,0.48,0.5,0.43,0.18,0.3,negative
0.39,0.41,0.48,0.5,0.52,0.72,0.75,negative
0.55,0.47,0.48,0.5,0.57,0.78,0.8,negative
0.18,0.3,0.48,0.5,0.46,0.24,0.35,negative
0.81,0.52,0.48,0.5,0.57,0.78,0.8,positive
0.25,0.4,0.48,0.5,0.46,0.44,0.52,negative
0.43,0.39,0.48,0.5,0.47,0.31,0.41,negative
0.69,0.59,0.48,0.5,0.46,0.44,0.52,negative
0.41,0.48,0.48,0.5,0.51,0.44,0.51,negative
0.63,0.75,0.48,0.5,0.64,0.73,0.66,negative
0.69,0.66,0.48,0.5,0.41,0.5,0.25,negative
0.36,0.54,0.48,0.5,0.41,0.38,0.46,negative
0.37,0.5,0.48,0.5,0.42,0.36,0.45,negative
0.37,0.47,0.48,0.5,0.39,0.76,0.79,negative
0.44,0.56,0.48,0.5,0.5,0.46,0.54,negative
0.84,0.49,0.48,0.5,0.55,0.78,0.74,positive
0.3,0.45,0.48,0.5,0.36,0.21,0.32,negative
0.52,0.57,0.48,0.5,0.42,0.47,0.54,negative
0.4,0.5,0.48,0.5,0.65,0.82,0.84,negative
0.2,0.44,0.48,0.5,0.46,0.51,0.57,negative
0.51,0.4,0.48,0.5,0.57,0.62,0.67,negative
0.49,0.29,0.48,0.5,0.56,0.24,0.35,negative
0.29,0.47,0.48,0.5,0.41,0.23,0.34,negative
0.45,0.4,0.48,0.5,0.61,0.74,0.77,negative
0.74,0.7,0.48,0.5,0.66,0.65,0.69,negative
0.5,0.51,0.48,0.5,0.27,0.23,0.34,negative
0.75,0.37,0.48,0.5,0.64,0.7,0.74,positive
0.59,0.29,0.48,0.5,0.64,0.75,0.77,positive
0.85,0.53,0.48,0.5,0.53,0.52,0.35,negative
0.39,0.31,0.48,0.5,0.38,0.34,0.43,negative
0.51,0.37,0.48,0.5,0.35,0.36,0.45,negative
0.81,0.44,0.48,0.5,0.42,0.67,0.68,positive
0.74,0.44,0.48,0.5,0.55,0.88,0.89,negative
0.5,0.66,0.48,0.5,0.31,0.92,0.92,negative
0.41,0.57,0.48,0.5,0.39,0.21,0.32,negative
0.5,0.49,0.48,0.5,0.49,0.46,0.53,negative
0.64,0.57,0.48,0.5,0.7,0.33,0.26,negative
0.42,0.35,0.48,0.5,0.58,0.15,0.27,negative
0.27,0.35,0.48,0.5,0.51,0.77,0.79,negative
0.59,0.61,0.48,0.5,0.42,0.42,0.37,negative
0.44,0.35,0.48,0.5,0.44,0.52,0.59,negative
0.56,0.4,0.48,0.5,0.49,0.37,0.46,negative
0.36,0.42,0.48,0.5,0.53,0.32,0.41,negative
0.61,0.36,0.48,0.5,0.49,0.35,0.44,negative
0.36,0.41,0.48,0.5,0.48,0.47,0.54,negative
0.16,0.43,0.48,0.5,0.54,0.27,0.37,negative
0.67,0.61,0.48,0.5,0.51,0.37,0.38,negative
0.51,0.5,0.48,0.5,0.46,0.32,0.35,negative
0.63,0.69,0.48,0.5,0.65,0.41,0.28,negative
0.22,0.34,0.48,0.5,0.42,0.29,0.39,negative
0.64,0.78,0.48,0.5,0.5,0.36,0.38,negative
0.63,0.8,0.48,0.5,0.46,0.31,0.29,negative
0.59,0.49,0.48,0.5,0.52,0.45,0.36,negative
0.21,0.51,0.48,0.5,0.5,0.32,0.41,negative
0.78,0.33,0.48,0.5,0.57,0.77,0.79,positive
0.75,0.55,1.0,1.0,0.4,0.47,0.3,negative
0.35,0.37,0.48,0.5,0.3,0.34,0.43,negative
0.54,0.49,0.48,0.5,0.4,0.87,0.88,negative
0.23,0.34,0.48,0.5,0.43,0.26,0.37,negative
0.65,0.47,0.48,0.5,0.59,0.3,0.4,negative
0.63,0.65,0.48,0.5,0.66,0.67,0.71,negative
0.69,0.39,0.48,0.5,0.57,0.76,0.79,negative
0.62,0.83,0.48,0.5,0.46,0.36,0.4,negative
0.3,0.51,0.48,0.5,0.42,0.61,0.34,negative
0.66,0.71,0.48,0.5,0.41,0.5,0.35,negative
0.38,0.44,0.48,0.5,0.43,0.2,0.31,negative
0.26,0.26,0.48,0.5,0.34,0.25,0.35,negative
0.66,0.48,0.48,0.5,0.54,0.7,0.74,positive
0.24,0.35,0.48,0.5,0.31,0.19,0.31,negative
0.65,0.57,0.48,0.5,0.47,0.47,0.51,negative
0.44,0.51,0.48,0.5,0.47,0.26,0.36,negative
0.52,0.36,0.48,0.5,0.41,0.28,0.38,negative
0.79,0.54,0.48,0.5,0.5,0.66,0.68,positive
0.21,0.34,0.48,0.5,0.51,0.28,0.39,negative
0.63,1.0,0.48,0.5,0.35,0.51,0.49,negative
0.31,0.23,0.48,0.5,0.73,0.05,0.14,negative
0.42,0.24,0.48,0.5,0.57,0.27,0.37,negative
0.43,0.37,0.48,0.5,0.53,0.35,0.44,negative
0.83,0.48,0.48,0.5,0.65,0.76,0.79,positive
0.72,0.86,0.48,0.5,0.17,0.55,0.21,negative
0.47,0.47,0.48,0.5,0.22,0.16,0.26,negative
0.41,0.43,0.48,0.5,0.45,0.31,0.41,negative
0.23,0.4,0.48,0.5,0.39,0.28,0.38,negative
0.63,0.54,0.48,0.5,0.65,0.79,0.81,negative
0.29,0.28,0.48,0.5,0.44,0.23,0.34,negative
0.74,0.47,0.48,0.5,0.5,0.57,0.42,negative
0.71,0.71,0.48,0.5,0.4,0.54,0.39,negative
0.6,0.5,1.0,0.5,0.54,0.77,0.8,negative
0.64,0.45,0.48,0.5,0.67,0.61,0.66,positive
0.25,0.48,0.48,0.5,0.44,0.17,0.29,negative
0.63,0.49,0.48,0.5,0.79,0.45,0.28,negative
0.63,0.71,0.48,0.5,0.6,0.4,0.39,negative
0.24,0.41,0.48,0.5,0.49,0.23,0.34,negative
0.49,0.61,1.0,0.5,0.56,0.71,0.74,positive
0.74,0.78,0.48,0.5,0.75,0.54,0.15,negative
0.24,0.43,0.48,0.5,0.37,0.28,0.38,negative
0.34,0.28,0.48,0.5,0.41,0.35,0.44,negative
0.61,0.45,0.48,0.5,0.48,0.35,0.41,negative
0.68,0.67,0.48,0.5,0.49,0.4,0.34,negative
0.61,0.66,0.48,0.5,0.46,0.87,0.88,negative
0.69,0.67,0.48,0.5,0.3,0.39,0.24,negative
0.84,0.54,0.48,0.5,0.75,0.92,0.7,positive
0.29,0.41,0.48,0.5,0.48,0.38,0.46,negative
0.4,0.46,0.48,0.5,0.42,0.35,0.44,negative
0.44,0.52,0.48,0.5,0.43,0.47,0.54,negative
0.73,0.26,0.48,0.5,0.57,0.75,0.78,positive
0.4,0.46,0.48,0.5,0.52,0.49,0.56,negative
0.28,0.33,0.48,0.5,0.45,0.22,0.33,negative
0.3,0.16,0.48,0.5,0.56,0.11,0.23,negative
0.51,0.46,0.48,0.5,0.58,0.31,0.41,negative
0.61,0.52,0.48,0.5,0.54,0.67,0.52,negative
0.76,0.73,0.48,0.5,0.44,0.39,0.39,negative
0.69,0.8,0.48,0.5,0.46,0.57,0.26,negative
0.73,0.84,0.48,0.5,0.86,0.58,0.29,negative
0.1,0.49,0.48,0.5,0.41,0.67,0.21,negative
0.64,0.84,0.48,0.5,0.37,0.45,0.4,negative
0.35,0.48,0.48,0.5,0.56,0.4,0.48,negative
0.63,0.51,0.48,0.5,0.64,0.72,0.76,positive
0.3,0.37,0.48,0.5,0.59,0.41,0.49,negative
0.0,0.38,0.48,0.5,0.42,0.48,0.55,negative
0.71,0.4,0.48,0.5,0.71,0.7,0.74,negative
0.23,0.58,0.48,0.5,0.37,0.53,0.59,negative
0.89,0.55,0.48,0.5,0.51,0.72,0.76,negative
0.57,0.54,0.48,0.5,0.37,0.28,0.33,negative
0.65,0.55,0.48,0.5,0.34,0.37,0.28,negative
0.42,0.4,0.48,0.5,0.56,0.18,0.3,negative
0.68,0.76,0.48,0.5,0.84,0.45,0.27,negative
0.66,0.74,0.48,0.5,0.31,0.38,0.43,negative
0.31,0.47,0.48,0.5,0.29,0.28,0.39,negative
0.62,0.42,0.48,0.5,0.58,0.79,0.81,positive
0.47,0.59,0.48,0.5,0.52,0.76,0.79,negative
0.49,0.42,0.48,0.5,0.53,0.79,0.81,negative
0.64,0.58,0.48,0.5,0.48,0.78,0.73,negative
0.38,0.4,0.48,0.5,0.63,0.25,0.35,negative
0.34,0.33,0.48,0.5,0.38,0.35,0.44,negative
0.36,0.39,0.48,0.5,0.48,0.22,0.23,negative
0.4,0.29,0.48,0.5,0.42,0.35,0.44,negative
0.24,0.34,0.48,0.5,0.38,0.3,0.4,negative
0.0,0.51,0.48,0.5,0.35,0.67,0.44,negative
0.68,0.63,0.48,0.5,0.73,0.4,0.3,negative
0.69,0.43,0.48,0.5,0.59,0.74,0.77,positive
0.4,0.5,0.48,0.5,0.45,0.39,0.47,negative
0.78,0.68,0.48,0.5,0.83,0.4,0.29,negative
0.58,0.34,0.48,0.5,0.56,0.87,0.81,negative
0.35,0.51,0.48,0.5,0.61,0.71,0.74,negative
0.71,0.46,1.0,0.5,0.52,0.59,0.3,negative
0.73,0.36,0.48,0.5,0.53,0.91,0.92,negative
0.68,0.78,0.48,0.5,0.43,0.44,0.42,negative
0.63,0.86,0.48,0.5,0.39,0.47,0.34,negative
0.26,0.5,0.48,0.5,0.44,0.32,0.41,negative
0.63,0.49,0.48,0.5,0.54,0.76,0.79,negative
0.4,0.45,0.48,0.5,0.38,0.22,0.0,negative
0.32,0.42,0.48,0.5,0.35,0.28,0.38,negative
0.34,0.55,0.48,0.5,0.58,0.31,0.41,negative
0.36,0.47,0.48,0.5,0.51,0.69,0.72,negative
0.73,0.78,0.48,0.5,0.58,0.51,0.31,negative
0.34,0.45,0.48,0.5,0.38,0.24,0.35,negative
0.64,0.76,0.48,0.5,0.45,0.35,0.38,negative
0.33,0.45,0.48,0.5,0.52,0.32,0.41,negative
0.29,0.28,0.48,0.5,0.5,0.42,0.5,negative
0.38,0.26,0.48,0.5,0.54,0.16,0.28,negative
0.25,0.51,0.48,0.5,0.37,0.42,0.5,negative
0.44,0.42,0.48,0.5,0.42,0.25,0.2,negative
0.32,0.39,0.48,0.5,0.53,0.28,0.38,negative
0.77,0.57,1.0,0.5,0.37,0.54,0.01,negative
0.63,0.65,0.48,0.5,0.39,0.44,0.35,negative
0.63,0.83,0.48,0.5,0.4,0.39,0.19,negative
0.61,0.6,0.48,0.5,0.44,0.39,0.38,negative
0.7,0.53,0.48,0.5,0.7,0.86,0.87,positive
0.72,0.42,0.48,0.5,0.65,0.77,0.79,positive
0.57,0.38,0.48,0.5,0.06,0.49,0.33,positive
0.43,0.4,0.48,0.5,0.39,0.28,0.39,negative
0.67,0.81,0.48,0.5,0.25,0.42,0.25,negative
0.7,0.39,1.0,0.5,0.51,0.82,0.84,negative
0.48,0.45,0.48,0.5,0.6,0.78,0.8,negative
0.23,0.48,0.48,0.5,0.59,0.88,0.89,negative
0.25,0.37,0.48,0.5,0.41,0.33,0.42,negative
0.52,0.39,0.48,0.5,0.65,0.71,0.73,negative
0.44,0.27,0.48,0.5,0.55,0.52,0.58,negative
0.36,0.56,0.48,0.5,0.43,0.45,0.53,negative
0.11,0.5,0.48,0.5,0.58,0.72,0.68,negative
0.4,0.41,0.48,0.5,0.55,0.22,0.33,negative
0.7,0.64,0.48,0.5,0.47,0.51,0.47,negative
0.4,0.35,0.48,0.5,0.45,0.33,0.42,negative
0.29,0.52,0.48,0.5,0.42,0.29,0.39,negative
0.4,0.42,0.48,0.5,0.37,0.27,0.27,negative
0.61,0.47,0.48,0.5,0.0,0.8,0.32,negative
0.48,0.49,0.48,0.5,0.52,0.77,0.71,negative
0.28,0.38,0.48,0.5,0.5,0.33,0.42,negative
0.32,0.33,0.48,0.5,0.6,0.06,0.2,negative
0.6,0.46,0.48,0.5,0.45,0.81,0.83,negative
0.34,0.67,0.48,0.5,0.52,0.76,0.79,negative
0.67,0.39,0.48,0.5,0.36,0.38,0.46,negative
0.17,0.39,0.48,0.5,0.53,0.3,0.39,negative
0.25,0.37,0.48,0.5,0.43,0.26,0.36,negative
0.23,0.32,0.48,0.5,0.55,0.25,0.35,negative
0.63,0.5,0.48,0.5,0.59,0.85,0.86,negative
0.17,0.38,0.48,0.5,0.45,0.42,0.5,negative
0.61,0.75,0.48,0.5,0.51,0.33,0.33,negative
0.77,0.55,0.48,0.5,0.51,0.78,0.74,positive
0.69,0.59,0.48,0.5,0.77,0.39,0.21,negative
0.62,0.78,0.48,0.5,0.47,0.49,0.54,negative
0.79,0.41,0.48,0.5,0.66,0.81,0.83,positive
0.67,0.37,0.48,0.5,0.54,0.64,0.68,positive
0.31,0.36,0.48,0.5,0.58,0.94,0.94,negative
0.46,0.59,0.48,0.5,0.36,0.76,0.23,negative
0.63,0.47,0.48,0.5,0.51,0.82,0.84,negative
0.6,0.61,0.48,0.5,0.54,0.67,0.71,negative
0.71,0.86,0.48,0.5,0.4,0.54,0.32,negative
0.34,0.42,0.48,0.5,0.41,0.34,0.43,negative
0.12,0.43,0.48,0.5,0.63,0.7,0.74,negative
0.34,0.35,0.48,0.5,0.51,0.49,0.56,negative
0.74,0.9,0.48,0.5,0.57,0.53,0.29,negative
0.84,0.44,0.48,0.5,0.48,0.71,0.74,negative
0.54,0.57,0.48,0.5,0.56,0.81,0.83,negative
0.3,0.44,0.48,0.5,0.49,0.22,0.33,negative
0.71,0.52,0.48,0.5,0.64,1.0,0.99,negative
0.56,0.68,0.48,0.5,0.77,0.36,0.45,negative
0.7,0.71,0.48,0.5,0.42,0.84,0.85,negative
0.56,0.54,0.48,0.5,0.43,0.37,0.3,negative
0.56,0.51,0.48,0.5,0.34,0.37,0.46,negative
0.43,0.32,0.48,0.5,0.33,0.45,0.52,negative
0.25,0.26,0.48,0.5,0.39,0.32,0.42,negative
0.33,0.56,0.48,0.5,0.33,0.78,0.8,negative
0.59,0.56,0.48,0.5,0.55,0.8,0.82,negative
0.49,0.43,0.48,0.5,0.49,0.3,0.4,negative
0.66,0.53,0.48,0.5,0.59,0.66,0.66,negative
0.72,0.46,0.48,0.5,0.51,0.66,0.7,negative
0.36,0.45,0.48,0.5,0.38,0.79,0.17,negative
0.42,0.3,0.48,0.5,0.48,0.26,0.36,negative
0.64,0.46,0.48,0.5,0.48,0.73,0.76,positive
0.66,0.86,0.48,0.5,0.34,0.41,0.36,negative
0.74,0.82,0.48,0.5,0.49,0.49,0.41,negative
0.52,0.54,0.48,0.5,0.62,0.76,0.79,negative
0.27,0.3,0.48,0.5,0.71,0.28,0.39,negative
0.23,0.33,0.48,0.5,0.43,0.33,0.43,negative
0.66,0.49,1.0,0.5,0.54,0.56,0.36,negative
0.5,0.57,0.48,0.5,0.71,0.61,0.66,negative
0.41,0.43,0.48,0.5,0.5,0.24,0.25,negative
0.63,0.42,0.48,0.5,0.48,0.77,0.8,positive
0.38,0.46,0.48,0.5,0.48,0.22,0.29,negative
0.31,0.5,0.48,0.5,0.57,0.84,0.85,negative
0.46,0.61,0.48,0.5,0.48,0.86,0.87,negative
0.34,0.51,0.48,0.5,0.44,0.37,0.46,negative
0.29,0.3,0.48,0.5,0.45,0.03,0.17,negative
0.64,0.81,0.48,0.5,0.37,0.39,0.44,negative
0.65,0.51,0.48,0.5,0.66,0.54,0.33,negative
0.71,0.71,0.48,0.5,0.68,0.43,0.36,negative
0.53,0.38,0.48,0.5,0.44,0.26,0.36,negative
0.86,0.39,0.48,0.5,0.59,0.89,0.9,positive
0.57,0.59,0.48,0.5,0.39,0.47,0.33,negative
0.7,0.46,0.48,0.5,0.56,0.78,0.73,negative
0.69,0.65,0.48,0.5,0.63,0.48,0.41,negative
0.43,0.59,0.48,0.5,0.52,0.49,0.56,negative
0.47,0.28,0.48,0.5,0.56,0.2,0.25,negative
0.44,0.28,0.48,0.5,0.43,0.27,0.37,negative
0.51,0.49,0.48,0.5,0.53,0.14,0.26,negative
0.79,0.36,0.48,0.5,0.46,0.82,0.7,positive
0.74,0.49,0.48,0.5,0.42,0.54,0.36,negative
0.8206325153364205,0.5117443999035235,0.48,0.5,0.5550373461951988,0.78,0.7558668153174061,positive
0.6475278282082039,0.5362963342991517,0.48,0.5,0.6761122591620883,0.844770391702104,0.8265968377137202,positive
0.6742219910405338,0.3782372027291976,0.48,0.5,0.533340520570561,0.6417097456563811,0.689196650448128,positive
0.8318763990740827,0.44,0.48,0.5,0.46193069379398094,0.7027961733089374,0.6888160421593177,positive
0.8314432545159611,0.5176250066827124,0.48,0.5,0.727706802279511,0.7967148063525519,0.7890040343652467,positive
0.8285039029386744,0.5047011742724594,0.48,0.5,0.5550141571778674,0.78,0.7519197783595452,positive
0.7785683279756059,0.4978779288350499,0.48,0.5,0.5027549252172135,0.66,0.6986540056831924,positive
0.7975054254914801,0.537732045030725,0.48,0.5,0.5389362530569556,0.78,0.7476774903814801,positive
0.64290778050702,0.4650670783348755,0.48,0.5,0.4906509167026084,0.7102379073780786,0.7492470908537731,positive
0.7026024052113182,0.42726332422007407,0.48,0.5,0.624862178457933,0.7609209729389368,0.7717555014493838,positive
0.5814374111285248,0.42087664532844504,0.48,0.5,0.03233088446703996,0.7094305072976769,0.32370868463789,positive
0.7377889176768647,0.4443702393873178,0.48,0.5,0.5,0.6290310359000993,0.6286980520554055,positive
0.7306540383040214,0.37438913290925235,0.48,0.5,0.6615726895672184,0.7,0.74,positive
0.815855645456698,0.42787564229953146,0.48,0.5,0.47398563338117633,0.7968109684860848,0.7059129310565723,positive
0.7395523005281922,0.31906482454710394,0.48,0.5,0.57,0.7639539127090198,0.7876929424217737,positive
0.5633092955109241,0.3379258095537519,0.48,0.5,0.6401341842307072,0.7153170271843428,0.7472947640981279,positive
0.761330947130711,0.31761958335837315,0.48,0.5,0.57,0.7686668832538891,0.7871543065874386,positive
0.7478789878,0.4212841732850765,0.48,0.5,0.5762250138772089,0.8897793496814246,0.8930993228326296,positive
0.8204476492331959,0.5028956383875285,0.48,0.5,0.623377548271355,0.7682849850473117,0.794142454917304,positive
0.5390056252654252,0.5734484511025516,1.0,0.5,0.5450153656448086,0.7491937712302781,0.7542992700205775,positive
0.6378970807374538,0.4078295582540292,0.48,0.5,0.5743651871329016,0.7720525351319528,0.7948564333184795,positive
0.69,0.4089919787616843,0.48,0.5,0.5885285386505964,0.7519157397358217,0.7779143059787483,positive
0.6577541282815976,0.4741206329063874,0.48,0.5,0.655856012851715,0.6392515193733354,0.66,positive
0.6378279045087535,0.4222049428385398,0.48,0.5,0.48,0.7618443584314187,0.7677605775575543,positive
0.7589081435389825,0.71,0.48,0.5,0.47677826267747314,0.7375575489333779,0.8310729071065187,positive
0.63,0.5220143053048734,0.48,0.5,0.6425348900436597,0.7757864627107307,0.760747977443753,positive
0.7761789260048678,0.41852375531458297,0.48,0.5,0.6529460362530124,0.7867765672606057,0.8194615403958962,positive
0.6304248251491933,0.4387713954921796,0.48,0.5,0.48,0.7456439945382355,0.7941457694587426,positive
0.8122119439787272,0.49916858208343684,0.48,0.5,0.563921839376158,0.78,0.755857083441768,positive
0.6977242243709206,0.5342979491753269,0.48,0.5,0.6835659853004219,0.8448910707598878,0.8542368350908575,positive
0.6744705083854017,0.3830307189975889,0.48,0.5,0.5378114212813062,0.6534732566240791,0.6842619960364066,positive
0.8126385614840522,0.44,0.48,0.5,0.453352321037458,0.6906330148456856,0.6835062381089819,positive
0.8381912455087783,0.4843281977877406,0.48,0.5,0.7240828799159019,0.8957826118371552,0.762912168679155,positive
0.8328317653065177,0.4991414858762069,0.48,0.5,0.5600462900604258,0.78,0.7483957066207313,positive
0.721228066599796,0.5191607045224482,0.48,0.5,0.5015168922437601,0.66,0.6966041170307973,positive
0.7748268556311849,0.541768614863156,0.48,0.5,0.5144399144755595,0.78,0.778274837400821,positive
0.6593158229818639,0.46752665263928495,0.48,0.5,0.4803592473276479,0.7088838013556102,0.7536717323494057,positive
0.6964297403369016,0.42668557706197896,0.48,0.5,0.6099900184392063,0.7471127384454274,0.7799035238610191,positive
0.5897447198051045,0.4199763364041056,0.48,0.5,0.028510249038344856,0.5584406793512685,0.32725346522228677,positive
0.745800852875351,0.43506027428252636,0.48,0.5,0.5020939973516584,0.6421293634391096,0.6237057271858788,positive
0.715951883328721,0.3755932632353942,0.48,0.5,0.6853402448463017,0.7,0.74,positive
0.8361580024177014,0.42438948338065374,0.48,0.5,0.47169230301551723,0.745664590834327,0.7357694140778803,positive
0.7724984699665609,0.3051877881830661,0.48,0.5,0.57,0.7541121451222489,0.7874570599410172,positive
0.5747878002964171,0.36752456487877894,0.48,0.5,0.6493029777309075,0.722080832634287,0.733164208331597,positive
0.7404567480972843,0.32327923934567654,0.48,0.5,0.57,0.7558746166020499,0.7853115041060389,positive
0.7988073358080404,0.4187953211654717,0.48,0.5,0.577254313709501,0.8843478623144451,0.8940512533332284,positive
0.8229831569108562,0.5025928371919006,0.48,0.5,0.5899034142187446,0.7603828689836087,0.7915874522250766,positive
0.5214252534625389,0.5766517647374578,1.0,0.5,0.5537080208970975,0.7535877440514158,0.7566886658209919,positive
0.6292401692970611,0.40280284545811423,0.48,0.5,0.5776548101987934,0.7817763018951165,0.7996133080550498,positive
0.69,0.4055554285173436,0.48,0.5,0.5717367733843244,0.7438796783979137,0.7892924830084093,positive
0.6515825581887638,0.4751699456045968,0.48,0.5,0.608849615031917,0.6442610217556655,0.66,positive
0.6356404514126404,0.43987220432354146,0.48,0.5,0.48,0.742133420641696,0.7615941337455345,positive
0.7343537832319543,0.71,0.48,0.5,0.45869321454054846,0.7991112793930076,0.8046716359069749,positive
0.63,0.5323679056975099,0.48,0.5,0.6432435005345168,0.7632967282649834,0.7601913014055631,positive
0.7295336937673789,0.4151007438606208,0.48,0.5,0.6587184760903094,0.8086806325650671,0.8195152800292242,positive
0.639932520587707,0.4385338804285116,0.48,0.5,0.48,0.7388953164521779,0.7732332854111803,positive
0.8182085514653469,0.5198179945171062,0.48,0.5,0.5619843519892186,0.78,0.796503082389209,positive
0.6607561388750193,0.5370859721086101,0.48,0.5,0.6699510095029302,0.8138927610809028,0.8594057062707338,positive
0.6945771652598149,0.4577675586124167,0.48,0.5,0.5211533766861052,0.6557038083500535,0.6870641854603015,positive
0.8187880969065664,0.44,0.48,0.5,0.4524713510043054,0.6803771760088675,0.6933364919811197,positive
0.8394381108051072,0.5374237222771338,0.48,0.5,0.7443719745737603,0.8414540565652855,0.7556016258624443,positive
0.8348564771409419,0.4918591980930168,0.48,0.5,0.5563016069198075,0.78,0.768919393726335,positive
0.7221919920029993,0.4637754430449623,0.48,0.5,0.5097026735553634,0.66,0.6834205778097294,positive
0.8040386163879419,0.5244687622107022,0.48,0.5,0.5100052549223854,0.78,0.7478588880201437,positive
0.6508966572278351,0.46839902576462544,0.48,0.5,0.4853060593905636,0.7297844883076665,0.7433317961040762,positive
0.7012429500901545,0.4238867447640423,0.48,0.5,0.6354437799974088,0.7624843120278293,0.7744892542898684,positive
0.5793262582911661,0.45699532362163664,0.48,0.5,0.028612478870037105,0.7222793551396226,0.32729136879866727,positive
0.7546874693898794,0.4550549821598431,0.48,0.5,0.5010542250474294,0.6403429217186625,0.6731344082709246,positive
0.7187255194392976,0.37298861627628993,0.48,0.5,0.6766701181020368,0.7,0.74,positive
0.8058400301966177,0.4184974595822285,0.48,0.5,0.46588176136847903,0.7114913100157247,0.7136114447571648,positive
0.7741811418050952,0.3113360195095826,0.48,0.5,0.57,0.7578258774775316,0.7805750083283776,positive
0.5803051766394687,0.312535562302151,0.48,0.5,0.6426214947826084,0.7253549025685099,0.760555615860404,positive
0.7582893529102218,0.3019203913775776,0.48,0.5,0.57,0.7555803558090692,0.7818791571699659,positive
0.7946042731950774,0.4040083302454568,0.48,0.5,0.5621871070701726,0.886041316046,0.8929178608549108,positive
0.8288963702114357,0.48765002133488156,0.48,0.5,0.6290922657194297,0.7796414438670143,0.7909401415904312,positive
0.510953664928113,0.6045333054242399,1.0,0.5,0.5425088715627538,0.7647391849376151,0.7408585108607035,positive
0.6474102013875865,0.391021526401172,0.48,0.5,0.5715025290069335,0.7650077268708804,0.8047990154329311,positive
0.69,0.41749589070154103,0.48,0.5,0.5816398083148756,0.758230851852906,0.7846298498823633,positive
0.6410745707338853,0.4945714133533161,0.48,0.5,0.6149114479500042,0.6218758214085959,0.66,positive
0.6395812088592284,0.45998087693491796,0.48,0.5,0.48,0.7322182692186758,0.7953638340770531,positive
0.7008466939614539,0.71,0.48,0.5,0.4493061491673922,0.7576814110595761,0.8288243981032423,positive
0.63,0.5214182258039004,0.48,0.5,0.6486043156263029,0.7758577588168242,0.8051888466872795,positive
0.7273208049932065,0.4196575630002002,0.48,0.5,0.6595319955280088,0.78324306592397,0.8054730540554575,positive
0.6326798634196886,0.4434714744144045,0.48,0.5,0.48,0.7383981393244721,0.7621560652661383,positive
0.8266302244801607,0.5104890467852696,0.48,0.5,0.5539680647390663,0.78,0.7859897509289795,positive
0.6555611254887,0.5374973613315159,0.48,0.5,0.6610943712811741,0.8340205973795067,0.8141103154928284,positive
0.7002399784049771,0.4323879115659153,0.48,0.5,0.5124607381913164,0.6455631722365347,0.6868504741824802,positive
0.8384543413580279,0.44,0.48,0.5,0.4738601035515948,0.6984322422554055,0.7060083838831224,positive
0.8363159644161063,0.5150407618328238,0.48,0.5,0.717438685431406,0.76738253723284,0.7213421993792177,positive
0.815790953771564,0.49262483629137455,0.48,0.5,0.559289670325942,0.78,0.7733080863701086,positive
0.7788352608962354,0.4647031317781172,0.48,0.5,0.5025631497587078,0.66,0.6958548397245674,positive
0.8085573879317314,0.5445544489033717,0.48,0.5,0.5136339326371903,0.78,0.7938947847719094,positive
0.6479535281929054,0.4777068260193298,0.48,0.5,0.49408292237916535,0.7168581141796216,0.752590694322677,positive
0.6960239241648736,0.4240181615371129,0.48,0.5,0.639107234954509,0.7649767082900804,0.7775892711353941,positive
0.5880843714947398,0.41043268078910733,0.48,0.5,0.00712190059214516,0.49646089756764233,0.32029808706026,positive
0.7568269153051382,0.41495591521098973,0.48,0.5,0.5088881099441284,0.6440205175452243,0.6461275797925509,positive
0.733198532164141,0.3743707238981141,0.48,0.5,0.7020063333297392,0.7,0.74,positive
0.8386014590023945,0.37836306649976714,0.48,0.5,0.47681073362522003,0.7366707235685054,0.7160071484760554,positive
0.7548931680392424,0.2817053333306525,0.48,0.5,0.57,0.7652406951732019,0.7894774123773147,positive
0.5329824974442343,0.38835097218744635,0.48,0.5,0.6420163264619368,0.7314265420026178,0.7588829917705439,positive
0.7456040804706205,0.3046986579636323,0.48,0.5,0.57,0.7597563960851719,0.7865041056346358,positive
0.8437007118033711,0.3937439458947471,0.48,0.5,0.5526963783858131,0.8804226442729505,0.8983553087545082,positive
0.8116422743366452,0.5192422583218274,0.48,0.5,0.6256298680109034,0.7622944420835558,0.7902114490806735,positive
0.5376071175622356,0.5890829994903217,1.0,0.5,0.5408552169409339,0.715817006088475,0.7813380826890219,positive
0.6677759859682565,0.4126346333201266,0.48,0.5,0.5728269386579531,0.7637262257411075,0.8007152887083425,positive
0.69,0.4260834825297972,0.48,0.5,0.5758118830411825,0.7477471237779809,0.770060659913207,positive
0.6521678044898297,0.5000459528449028,0.48,0.5,0.6694477946688863,0.6438140925735968,0.66,positive
0.6371509227422653,0.45673439773494795,0.48,0.5,0.48,0.7652712788379353,0.7671973696797927,positive
0.7188507479958853,0.71,0.48,0.5,0.4959754076960375,0.7148588482000492,0.8305103068455579,positive
0.63,0.51159146783095,0.48,0.5,0.6461390769448991,0.7399899059422341,0.804800112576047,positive
0.7378277010175157,0.4196802854125008,0.48,0.5,0.6545997107976445,0.7860338173998622,0.8250009354426173,positive
0.6301538778255388,0.4490097975647622,0.48,0.5,0.48,0.7620102089685247,0.7780584854397332,positive
0.8194150169154995,0.5040800233792936,0.48,0.5,0.5641094892286126,0.78,0.7801580480697687,positive
0.6430936814879804,0.5347750577874196,0.48,0.5,0.6519543904052573,0.8263216327923789,0.8678817147724653,positive
0.7187446766969432,0.37310153852326583,0.48,0.5,0.5340766428285773,0.6548683484976207,0.6890498334416271,positive
0.8214336157668786,0.44,0.48,0.5,0.46299078671568833,0.6833345163696377,0.6997754772064844,positive
0.832673557184691,0.49432865201735443,0.48,0.5,0.7234228631140717,0.8849015022899578,0.7171481668553669,positive
0.8393461632105371,0.4938936711882981,0.48,0.5,0.5673558118943519,0.78,0.7637571881044249,positive
0.7284137469918237,0.4973292368540678,0.48,0.5,0.5034687463515816,0.66,0.6813908520428718,positive
0.7854157263750134,0.521016995510843,0.48,0.5,0.5431923308922871,0.78,0.7918020013481506,positive
0.6426096728832037,0.4757515366681664,0.48,0.5,0.48333171996378355,0.7269871111296856,0.7556947290728624,positive
0.7049576844013139,0.42678167686053514,0.48,0.5,0.6238920043251514,0.7521374541539693,0.7788533191895478,positive
0.5976447016452608,0.3896078301511853,0.48,0.5,0.01959072619702529,0.7992611974059971,0.32760767228608983,positive
0.7362549034641743,0.4161103555832997,0.48,0.5,0.5015668144161561,0.633629934236849,0.6256376259503756,positive
0.7400079295763671,0.39370863417341306,0.48,0.5,0.6990682119007449,0.7,0.74,positive
0.797461673996859,0.41113204242153156,0.48,0.5,0.46354827474988886,0.7818238898853623,0.7309798818149176,positive
0.7674900780726627,0.27183374054390147,0.48,0.5,0.57,0.7692883627014434,0.7891778669461319,positive
0.5380700896922899,0.3325770957932798,0.48,0.5,0.6448798008052494,0.7218331455327921,0.7390543317013357,positive
0.7341926781197674,0.32505538417309254,0.48,0.5,0.57,0.7607236206125182,0.783325415477765,positive
0.8469807228550045,0.41829814292795664,0.48,0.5,0.5618538844155594,0.8824874209447596,0.8970055618540107,positive
0.8255876452989855,0.5187095576557516,0.48,0.5,0.6183862511040301,0.7793089493619744,0.7996047217035085,positive
0.5978396632237697,0.5855603202909078,1.0,0.5,0.5592646017456118,0.7234235802396102,0.7428180153128023,positive
0.6622758150863818,0.40593408954588783,0.48,0.5,0.570197596912891,0.7893590341895859,0.7966286284842949,positive
0.69,0.41051908007153026,0.48,0.5,0.5770383418814186,0.7576106103551477,0.7890483426438577,positive
0.6510013886377665,0.5272225017775971,0.48,0.5,0.6350960810365079,0.6249262189111889,0.66,positive
0.6339808707420526,0.4357999808610361,0.48,0.5,0.48,0.7646367900443434,0.7635132924791941,positive
0.7209304194312134,0.71,0.48,0.5,0.44231391219856836,0.8072542182342117,0.8271385394756562,positive
0.63,0.5278325657491296,0.48,0.5,0.6485081131762308,0.7525717634922291,0.8071594967084188,positive
0.777240118732654,0.41709075147984853,0.48,0.5,0.6581694900970376,0.8030780061370416,0.8087921896765331,positive
0.6320294157782677,0.45282163242345297,0.48,0.5,0.48,0.7349563694937709,0.7713956186049964,positive
0.8253706047167436,0.5159485067378522,0.48,0.5,0.5664705018344501,0.78,0.774438550844369,positive
0.6921748596037471,0.5318238448913281,0.48,0.5,0.6605757399043696,0.8170413173260882,0.8134587321301073,positive
0.670947127657133,0.37206549953326307,0.48,0.5,0.5308410625592461,0.6527282827844062,0.6821284216436152,positive
0.8315036790579998,0.44,0.48,0.5,0.46398939692988855,0.6885264637462638,0.6902597280505751,positive
0.8399297921726105,0.5191717312529662,0.48,0.5,0.6703997719931337,0.8419307037408003,0.7423778997718217,positive
0.8131666760297569,0.515073298913963,0.48,0.5,0.5550991021173592,0.78,0.7641566708874661,positive
0.7807886441494363,0.5063968299183064,0.48,0.5,0.5049934182938914,0.66,0.6801005311237122,positive
0.7983480016656302,0.5225994984279929,0.48,0.5,0.5591654767621405,0.78,0.7467707455422371,positive
0.6435153518077207,0.4673517763175643,0.48,0.5,0.5387407306130012,0.7127232756517223,0.7461285583490562,positive
0.7163679303048044,0.42868551338027505,0.48,0.5,0.6324836508346908,0.7402905142287789,0.787398839493569,positive
0.5789421262237244,0.38933828384029634,0.48,0.5,0.031135145836793252,0.6475867555741466,0.3269848027629788,positive
0.7255787707442719,0.45564062303113817,0.48,0.5,0.5019920805001143,0.6596114540883047,0.6908477045289061,positive
0.7456182023520074,0.39228748800914925,0.48,0.5,0.6681882511298393,0.7,0.74,positive
0.8173671258330475,0.36097923956016975,0.48,0.5,0.4673937430421216,0.7869363801162861,0.7042191703060559,positive
0.7629076542556269,0.3146854408327292,0.48,0.5,0.57,0.7580501042664448,0.7813452022682167,positive
0.5500471332207811,0.29009294891117754,0.48,0.5,0.6445289657689596,0.7205887620366204,0.752260677908238,positive
0.7450957389295574,0.2838836597647266,0.48,0.5,0.57,0.7562882185486913,0.7856521119058799,positive
0.8335237109797193,0.4077214177029318,0.48,0.5,0.5572942168238557,0.8847205009377624,0.894443652784576,positive
0.813218077231382,0.4940803183368181,0.48,0.5,0.6117438364931864,0.7790221211008311,0.7949434617615212,positive
0.5530294839021259,0.5964298171128048,1.0,0.5,0.5534168484722931,0.7317548871293976,0.7469667148787071,positive
0.6354428530385808,0.40121213086364915,0.48,0.5,0.5715010399760811,0.7625761354789046,0.7964148341878914,positive
0.69,0.40891087339551724,0.48,0.5,0.5798976658299304,0.7442943970640086,0.7754909749593274,positive
0.6517089152850067,0.47268489329090757,0.48,0.5,0.6330529979256424,0.6172865886027927,0.66,positive
0.632104345755589,0.44833205366307105,0.48,0.5,0.48,0.7510576736548699,0.7978100816920846,positive
0.735871876736939,0.71,0.48,0.5,0.48951728270550604,0.7848865416630573,0.8233256901985475,positive
0.63,0.514372760327959,0.48,0.5,0.6477193264347348,0.7794436802791009,0.7697399667030684,positive
0.7598666950380544,0.4198774298959913,0.48,0.5,0.6509399690565366,0.7855824838330404,0.8168563340646616,positive
0.6303976730545576,0.45080348618682264,0.48,0.5,0.48,0.752601995773623,0.7971441747978386,positive
0.8306137368153679,0.5127687970426047,0.48,0.5,0.5502703724414094,0.78,0.7807850429301242,positive
0.6678418765787928,0.5349662074338345,0.48,0.5,0.6695445300569363,0.8365199927331922,0.8574715712200389,positive
0.7157557566985269,0.44956190184972133,0.48,0.5,0.5318388489967378,0.6531805861628738,0.6894450498667201,positive
0.8162381800077669,0.44,0.48,0.5,0.442389635558859,0.6951301417290487,0.7322678930817901,positive
0.8394272403082942,0.4929041815305373,0.48,0.5,0.7460402416820019,0.8018824483472855,0.7808334708108684,positive
0.8127662111029935,0.5042912149295986,0.48,0.5,0.5517903181836366,0.78,0.7544074761250924,positive
0.7736510849075989,0.5129597133962531,0.48,0.5,0.5024986341688945,0.66,0.6914992288286081,positive
0.7808763308603476,0.5397792548952933,0.48,0.5,0.5124109332943879,0.78,0.7805783704607897,positive
0.6455548794544377,0.4710815804185252,0.48,0.5,0.48104073391388946,0.7024928490449986,0.7409706681714294,positive
0.714152589817023,0.4278001267814503,0.48,0.5,0.6470877703196408,0.7662062102577163,0.7787055021005115,positive
0.5878066936576667,0.4171173695698073,0.48,0.5,0.02993142754979585,0.5303438728234853,0.32169704802128285,positive
0.732891540760096,0.44397336114690433,0.48,0.5,0.5054552148662894,0.6197313664938341,0.6395936222549333,positive
0.7317353896396497,0.3773510981216791,0.48,0.5,0.6711500239650812,0.7,0.74,positive
0.7902987607513103,0.38715549796656157,0.48,0.5,0.4602947642313024,0.8149813165485938,0.715291645143836,positive
0.7331795079822064,0.26923480153762924,0.48,0.5,0.57,0.7621198852221197,0.7858757490760193,positive
0.5422212801014294,0.323108860777141,0.48,0.5,0.64316457535586,0.731410656840731,0.7587651900778123,positive
0.7393351266297588,0.3121943354912492,0.48,0.5,0.57,0.7598784031046895,0.7831409150312764,positive
0.7863466235585059,0.3905980900911047,0.48,0.5,0.5743788687765266,0.8826526597961373,0.8936249468031715,positive
0.8273450173709119,0.496594758629455,0.48,0.5,0.606925561184193,0.7747779047305835,0.7935990615419357,positive
0.49546521026841234,0.5877966797292713,1.0,0.5,0.5432360873060375,0.711760680752844,0.7542467603797982,positive
0.6779305268358536,0.4071187289966028,0.48,0.5,0.5791067980917772,0.7755851762926667,0.8092035357711452,positive
0.69,0.40925093587146005,0.48,0.5,0.5723435035455936,0.7594492579332197,0.771826748994751,positive
0.6492114055988591,0.46701872712274173,0.48,0.5,0.6144026279440321,0.6167853970894226,0.66,positive
0.6307281411521084,0.4549956935858426,0.48,0.5,0.48,0.7599018896479642,0.7794552036147815,positive
0.7378040777607651,0.71,0.48,0.5,0.4576919718135652,0.7920719005443158,0.8326731082256662,positive
0.63,0.5289971800947009,0.48,0.5,0.6418371744967537,0.7215112709372651,0.7921167319797641,positive
0.7508635783309402,0.416226275331394,0.48,0.5,0.6589765666150371,0.774662397465054,0.7948082040434482,positive
0.6314947047615374,0.4230521533742434,0.48,0.5,0.48,0.7532264350031254,0.796013440287841,positive
0.8165096910911289,0.49388933637246113,0.48,0.5,0.5602177969769107,0.78,0.7696081101984217,positive
0.6721977183348382,0.5361981918634302,0.48,0.5,0.6549433869790962,0.800589369395183,0.8161253991126264,positive
0.7071139725185918,0.38867561321943994,0.48,0.5,0.5346477820404132,0.6478282545702431,0.6861066542958746,positive
0.8343211123401061,0.44,0.48,0.5,0.4228868068810983,0.6747206439996999,0.6966079340399404,positive
0.8322856558484336,0.536024873365355,0.48,0.5,0.7442708211397113,0.8825678458525908,0.7753602695843698,positive
0.8279631816833023,0.5176623974448731,0.48,0.5,0.5647899127663327,0.78,0.7997379204065778,positive
0.7402467378927972,0.4613355430776389,0.48,0.5,0.5002173608287195,0.66,0.6864012016030222,positive
0.789396521680198,0.5492501825430307,0.48,0.5,0.5269127205146088,0.78,0.7734057779124812,positive
0.6545536567781131,0.4635086823970074,0.48,0.5,0.4970010961051236,0.7183015912901715,0.7502488379048492,positive
0.701719363717026,0.421014064655032,0.48,0.5,0.594176090057161,0.7612711435818282,0.7765097363790783,positive
0.5905495627414344,0.46279196873242345,0.48,0.5,0.005712004246589722,0.5893077528074876,0.3270871350764558,positive
0.7386859870138732,0.434868841659691,0.48,0.5,0.5075960736783757,0.6139354940630669,0.6907857080687649,positive
0.714721137628511,0.38824452812348853,0.48,0.5,0.7075260674645039,0.7,0.74,positive
0.8128794367055777,0.362034519741686,0.48,0.5,0.4782652039899794,0.7280424302467083,0.7238519788517264,positive
0.741954663051781,0.2815503456544707,0.48,0.5,0.57,0.7569676934353204,0.7899656051778926,positive
0.5888282601987094,0.3462250733557406,0.48,0.5,0.6473300722024202,0.7449458755275546,0.7666921993043757,positive
0.7311463962511928,0.28128203653527584,0.48,0.5,0.57,0.7556811302934708,0.7814739735000699,positive
