0.49,0.29,0.48,0.5,0.56,0.24,0.35,negative
0.07,0.4,0.48,0.5,0.54,0.35,0.44,negative
0.59,0.49,0.48,0.5,0.52,0.45,0.36,negative
0.23,0.32,0.48,0.5,0.55,0.25,0.35,negative
0.29,0.28,0.48,0.5,0.44,0.23,0.34,negative
0.2,0.44,0.48,0.5,0.46,0.51,0.57,negative
0.42,0.4,0.48,0.5,0.56,0.18,0.3,negative
0.42,0.24,0.48,0.5,0.57,0.27,0.37,negative
0.39,0.32,0.48,0.5,0.46,0.24,0.35,negative
0.51,0.5,0.48,0.5,0.46,0.32,0.35,negative
0.22,0.43,0.48,0.5,0.48,0.16,0.28,negative
0.25,0.4,0.48,0.5,0.46,0.44,0.52,negative
0.34,0.45,0.48,0.5,0.38,0.24,0.35,negative
0.23,0.4,0.48,0.5,0.39,0.28,0.38,negative
0.4,0.45,0.48,0.5,0.38,0.22,0.0,negative
0.31,0.23,0.48,0.5,0.73,0.05,0.14,negative
0.51,0.54,0.48,0.5,0.41,0.34,0.43,negative
0.29,0.37,0.48,0.5,0.48,0.44,0.52,negative
0.25,0.4,0.48,0.5,0.47,0.33,0.42,negative
0.21,0.51,0.48,0.5,0.5,0.32,0.41,negative
0.43,0.37,0.48,0.5,0.53,0.35,0.44,negative
0.43,0.39,0.48,0.5,0.47,0.31,0.41,negative
0.53,0.38,0.48,0.5,0.44,0.26,0.36,negative
0.34,0.33,0.48,0.5,0.38,0.35,0.44,negative
0.56,0.51,0.48,0.5,0.34,0.37,0.46,negative
0.4,0.29,0.48,0.5,0.42,0.35,0.44,negative
0.24,0.35,0.48,0.5,0.31,0.19,0.31,negative
0.36,0.54,0.48,0.5,0.41,0.38,0.46,negative
0.65,0.47,0.48,0.5,0.59,0.3,0.4,negative
0.38,0.46,0.48,0.5,0.48,0.22,0.29,negative
0.33,0.45,0.48,0.5,0.52,0.32,0.41,negative
0.3,0.37,0.48,0.5,0.59,0.41,0.49,negative
0.4,0.5,0.48,0.5,0.45,0.39,0.47,negative
0.28,0.38,0.48,0.5,0.5,0.33,0.42,negative
0.61,0.45,0.48,0.5,0.48,0.35,0.41,negative
0.43,0.4,0.48,0.5,0.39,0.28,0.39,negative
0.42,0.35,0.48,0.5,0.58,0.15,0.27,negative
0.23,0.33,0.48,0.5,0.43,0.33,0.43,negative
0.37,0.52,0.48,0.5,0.42,0.42,0.36,negative
0.29,0.3,0.48,0.5,0.45,0.03,0.17,negative
0.22,0.36,0.48,0.5,0.35,0.39,0.47,negative
0.54,0.47,0.48,0.5,0.28,0.33,0.42,negative
0.51,0.37,0.48,0.5,0.35,0.36,0.45,negative
0.4,0.35,0.48,0.5,0.45,0.33,0.42,negative
0.44,0.34,0.48,0.5,0.3,0.33,0.43,negative
0.42,0.38,0.48,0.5,0.54,0.34,0.43,negative
0.44,0.56,0.48,0.5,0.5,0.46,0.54,negative
0.52,0.36,0.48,0.5,0.41,0.28,0.38,negative
0.36,0.41,0.48,0.5,0.48,0.47,0.54,negative
0.18,0.3,0.48,0.5,0.46,0.24,0.35,negative
0.47,0.29,0.48,0.5,0.51,0.33,0.43,negative
0.24,0.43,0.48,0.5,0.54,0.52,0.59,negative
0.25,0.37,0.48,0.5,0.41,0.33,0.42,negative
0.25,0.37,0.48,0.5,0.43,0.26,0.36,negative
0.35,0.48,0.48,0.5,0.56,0.4,0.48,negative
0.26,0.26,0.48,0.5,0.34,0.25,0.35,negative
0.44,0.51,0.48,0.5,0.47,0.26,0.36,negative
0.37,0.5,0.48,0.5,0.42,0.36,0.45,negative
0.44,0.42,0.48,0.5,0.42,0.25,0.2,negative
0.24,0.43,0.48,0.5,0.37,0.28,0.38,negative
0.48,0.42,0.48,0.5,0.45,0.25,0.35,negative
0.41,0.48,0.48,0.5,0.51,0.44,0.51,negative
0.29,0.41,0.48,0.5,0.48,0.38,0.46,negative
0.34,0.28,0.48,0.5,0.41,0.35,0.44,negative
0.34,0.55,0.48,0.5,0.58,0.31,0.41,negative
0.36,0.56,0.48,0.5,0.43,0.45,0.53,negative
0.4,0.46,0.48,0.5,0.52,0.49,0.56,negative
0.5,0.51,0.48,0.5,0.27,0.23,0.34,negative
0.53,0.42,0.48,0.5,0.16,0.29,0.39,negative
0.4,0.42,0.48,0.5,0.37,0.27,0.27,negative
0.41,0.43,0.48,0.5,0.5,0.24,0.25,negative
0.3,0.45,0.48,0.5,0.36,0.21,0.32,negative
0.31,0.47,0.48,0.5,0.29,0.28,0.39,negative
0.64,0.76,0.48,0.5,0.45,0.35,0.38,negative
0.35,0.37,0.48,0.5,0.3,0.34,0.43,negative
0.57,0.54,0.48,0.5,0.37,0.28,0.33,negative
0.65,0.55,0.48,0.5,0.34,0.37,0.28,negative
0.38,0.4,0.48,0.5,0.63,0.25,0.35,negative
0.24,0.57,0.48,0.5,0.63,0.34,0.43,negative
0.38,0.26,0.48,0.5,0.54,0.16,0.28,negative
0.33,0.47,0.48,0.5,0.53,0.18,0.29,negative
0.24,0.34,0.48,0.5,0.38,0.3,0.4,negative
0.44,0.49,0.48,0.5,0.39,0.38,0.4,negative
0.43,0.32,0.48,0.5,0.33,0.45,0.52,negative
0.49,0.43,0.48,0.5,0.49,0.3,0.4,negative
0.32,0.33,0.48,0.5,0.6,0.06,0.2,negative
0.34,0.35,0.48,0.5,0.51,0.49,0.56,negative
0.35,0.34,0.48,0.5,0.46,0.3,0.27,negative
0.38,0.3,0.48,0.5,0.43,0.29,0.39,negative
0.38,0.44,0.48,0.5,0.43,0.2,0.31,negative
0.34,0.42,0.48,0.5,0.41,0.34,0.43,negative
0.51,0.49,0.48,0.5,0.53,0.14,0.26,negative
0.29,0.28,0.48,0.5,0.5,0.42,0.5,negative
0.25,0.26,0.48,0.5,0.39,0.32,0.42,negative
0.17,0.39,0.48,0.5,0.53,0.3,0.39,negative
0.04,0.31,0.48,0.5,0.41,0.29,0.39,negative
0.61,0.36,0.48,0.5,0.49,0.35,0.44,negative
0.34,0.51,0.48,0.5,0.44,0.37,0.46,negative
0.28,0.33,0.48,0.5,0.45,0.22,0.33,negative
0.4,0.46,0.48,0.5,0.42,0.35,0.44,negative
0.23,0.34,0.48,0.5,0.43,0.26,0.37,negative
0.37,0.44,0.48,0.5,0.42,0.39,0.47,negative
0.0,0.38,0.48,0.5,0.42,0.48,0.55,negative
0.39,0.31,0.48,0.5,0.38,0.34,0.43,negative
0.3,0.44,0.48,0.5,0.49,0.22,0.33,negative
0.27,0.3,0.48,0.5,0.71,0.28,0.39,negative
0.17,0.52,0.48,0.5,0.49,0.37,0.46,negative
0.36,0.42,0.48,0.5,0.53,0.32,0.41,negative
0.3,0.37,0.48,0.5,0.43,0.18,0.3,negative
0.4,0.41,0.48,0.5,0.55,0.22,0.33,negative
0.44,0.35,0.48,0.5,0.44,0.52,0.59,negative
0.16,0.43,0.48,0.5,0.54,0.27,0.37,negative
0.06,0.61,0.48,0.5,0.49,0.92,0.37,negative
0.44,0.52,0.48,0.5,0.43,0.47,0.54,negative
0.63,0.47,0.48,0.5,0.51,0.82,0.84,negative
0.23,0.48,0.48,0.5,0.59,0.88,0.89,negative
0.43,0.4,0.48,0.5,0.58,0.75,0.78,negative
0.27,0.35,0.48,0.5,0.51,0.77,0.79,negative
0.52,0.39,0.48,0.5,0.65,0.71,0.73,negative
0.29,0.47,0.48,0.5,0.71,0.65,0.69,negative
0.55,0.47,0.48,0.5,0.57,0.78,0.8,negative
0.12,0.67,0.48,0.5,0.74,0.58,0.63,negative
0.4,0.5,0.48,0.5,0.65,0.82,0.84,negative
0.84,0.44,0.48,0.5,0.48,0.71,0.74,negative
0.48,0.45,0.48,0.5,0.6,0.78,0.8,negative
0.54,0.49,0.48,0.5,0.4,0.87,0.88,negative
0.48,0.41,0.48,0.5,0.51,0.9,0.88,negative
0.72,0.46,0.48,0.5,0.51,0.66,0.7,negative
0.47,0.55,0.48,0.5,0.58,0.71,0.75,negative
0.64,0.58,0.48,0.5,0.48,0.78,0.73,negative
0.54,0.57,0.48,0.5,0.56,0.81,0.83,negative
0.63,0.5,0.48,0.5,0.59,0.85,0.86,negative
0.49,0.42,0.48,0.5,0.53,0.79,0.81,negative
0.31,0.5,0.48,0.5,0.57,0.84,0.85,negative
0.33,0.45,0.48,0.5,0.45,0.88,0.89,negative
0.71,0.4,0.48,0.5,0.71,0.7,0.74,negative
0.5,0.37,0.48,0.5,0.66,0.64,0.69,negative
0.66,0.53,0.48,0.5,0.59,0.66,0.66,negative
0.6,0.61,0.48,0.5,0.54,0.67,0.71,negative
0.83,0.37,0.48,0.5,0.61,0.71,0.74,negative
0.63,0.54,0.48,0.5,0.65,0.79,0.81,negative
0.7,0.4,0.48,0.5,0.56,0.86,0.83,negative
0.6,0.5,1.0,0.5,0.54,0.77,0.8,negative
0.74,0.7,0.48,0.5,0.66,0.65,0.69,negative
0.2,0.46,0.48,0.5,0.57,0.78,0.81,negative
0.12,0.43,0.48,0.5,0.63,0.7,0.74,negative
0.33,0.37,0.48,0.5,0.46,0.65,0.69,negative
0.41,0.51,0.48,0.5,0.53,0.75,0.78,negative
0.34,0.67,0.48,0.5,0.52,0.76,0.79,negative
0.58,0.34,0.48,0.5,0.56,0.87,0.81,negative
0.59,0.56,0.48,0.5,0.55,0.8,0.82,negative
0.51,0.4,0.48,0.5,0.57,0.62,0.67,negative
0.6,0.46,0.48,0.5,0.45,0.81,0.83,negative
0.37,0.47,0.48,0.5,0.39,0.76,0.79,negative
0.58,0.55,0.48,0.5,0.57,0.7,0.74,negative
0.36,0.47,0.48,0.5,0.51,0.69,0.72,negative
0.35,0.51,0.48,0.5,0.61,0.71,0.74,negative
0.31,0.44,0.48,0.5,0.5,0.79,0.82,negative
0.61,0.66,0.48,0.5,0.46,0.87,0.88,negative
0.48,0.49,0.48,0.5,0.52,0.77,0.71,negative
0.11,0.5,0.48,0.5,0.58,0.72,0.68,negative
0.31,0.36,0.48,0.5,0.58,0.94,0.94,negative
0.68,0.51,0.48,0.5,0.71,0.75,0.78,negative
0.69,0.39,0.48,0.5,0.57,0.76,0.79,negative
0.52,0.54,0.48,0.5,0.62,0.76,0.79,negative
0.46,0.59,0.48,0.5,0.36,0.76,0.23,negative
0.36,0.45,0.48,0.5,0.38,0.79,0.17,negative
0.0,0.51,0.48,0.5,0.35,0.67,0.44,negative
0.1,0.49,0.48,0.5,0.41,0.67,0.21,negative
0.3,0.51,0.48,0.5,0.42,0.61,0.34,negative
0.61,0.47,0.48,0.5,0.0,0.8,0.32,negative
0.63,0.75,0.48,0.5,0.64,0.73,0.66,negative
0.71,0.52,0.48,0.5,0.64,1.0,0.99,negative
0.85,0.53,0.48,0.5,0.53,0.52,0.35,negative
0.63,0.49,0.48,0.5,0.54,0.76,0.79,negative
0.75,0.55,1.0,1.0,0.4,0.47,0.3,negative
0.7,0.39,1.0,0.5,0.51,0.82,0.84,negative
0.72,0.42,0.48,0.5,0.65,0.77,0.79,negative
0.79,0.41,0.48,0.5,0.66,0.81,0.83,negative
0.83,0.48,0.48,0.5,0.65,0.76,0.79,negative
0.69,0.43,0.48,0.5,0.59,0.74,0.77,negative
0.79,0.36,0.48,0.5,0.46,0.82,0.7,negative
0.78,0.33,0.48,0.5,0.57,0.77,0.79,negative
0.75,0.37,0.48,0.5,0.64,0.7,0.74,negative
0.67,0.37,0.48,0.5,0.54,0.64,0.68,negative
0.66,0.48,0.48,0.5,0.54,0.7,0.74,negative
0.64,0.46,0.48,0.5,0.48,0.73,0.76,negative
0.76,0.71,0.48,0.5,0.5,0.71,0.75,negative
0.84,0.49,0.48,0.5,0.55,0.78,0.74,negative
0.77,0.55,0.48,0.5,0.51,0.78,0.74,negative
0.81,0.44,0.48,0.5,0.42,0.67,0.68,negative
0.58,0.6,0.48,0.5,0.59,0.73,0.76,negative
0.63,0.42,0.48,0.5,0.48,0.77,0.8,negative
0.62,0.42,0.48,0.5,0.58,0.79,0.81,negative
0.81,0.53,0.48,0.5,0.57,0.87,0.88,negative
0.87,0.49,0.48,0.5,0.61,0.76,0.79,negative
0.47,0.46,0.48,0.5,0.62,0.74,0.77,negative
0.76,0.41,0.48,0.5,0.5,0.59,0.62,negative
0.64,0.45,0.48,0.5,0.67,0.61,0.66,negative
0.81,0.52,0.48,0.5,0.57,0.78,0.8,negative
0.73,0.26,0.48,0.5,0.57,0.75,0.78,negative
0.49,0.61,1.0,0.5,0.56,0.71,0.74,negative
0.88,0.42,0.48,0.5,0.52,0.73,0.75,negative
0.63,0.51,0.48,0.5,0.64,0.72,0.76,negative
0.78,0.68,0.48,0.5,0.83,0.4,0.29,negative
0.63,0.69,0.48,0.5,0.65,0.41,0.28,negative
0.67,0.88,0.48,0.5,0.73,0.5,0.25,negative
0.61,0.75,0.48,0.5,0.51,0.33,0.33,negative
0.67,0.84,0.48,0.5,0.74,0.54,0.37,negative
0.74,0.9,0.48,0.5,0.57,0.53,0.29,negative
0.73,0.84,0.48,0.5,0.86,0.58,0.29,negative
0.77,0.57,0.48,0.5,0.88,0.53,0.2,negative
0.74,0.78,0.48,0.5,0.75,0.54,0.15,negative
0.68,0.76,0.48,0.5,0.84,0.45,0.27,negative
0.56,0.68,0.48,0.5,0.77,0.36,0.45,negative
0.65,0.51,0.48,0.5,0.66,0.54,0.33,negative
0.52,0.81,0.48,0.5,0.72,0.38,0.38,negative
0.64,0.57,0.48,0.5,0.7,0.33,0.26,negative
0.6,0.76,1.0,0.5,0.77,0.59,0.52,negative
0.69,0.59,0.48,0.5,0.77,0.39,0.21,negative
0.63,0.49,0.48,0.5,0.79,0.45,0.28,negative
0.71,0.71,0.48,0.5,0.68,0.43,0.36,negative
0.68,0.63,0.48,0.5,0.73,0.4,0.3,negative
0.77,0.57,1.0,0.5,0.37,0.54,0.01,negative
0.66,0.49,1.0,0.5,0.54,0.56,0.36,negative
0.71,0.46,1.0,0.5,0.52,0.59,0.3,negative
0.67,0.55,1.0,0.5,0.66,0.58,0.16,negative
0.68,0.49,1.0,0.5,0.62,0.55,0.28,negative
0.74,0.49,0.48,0.5,0.42,0.54,0.36,positive
0.7,0.61,0.48,0.5,0.56,0.52,0.43,positive
0.66,0.86,0.48,0.5,0.34,0.41,0.36,positive
0.73,0.78,0.48,0.5,0.58,0.51,0.31,positive
0.65,0.57,0.48,0.5,0.47,0.47,0.51,positive
0.72,0.86,0.48,0.5,0.17,0.55,0.21,positive
0.67,0.81,0.48,0.5,0.54,0.49,0.23,positive
0.63,1.0,0.48,0.5,0.35,0.51,0.49,positive
0.57,0.59,0.48,0.5,0.39,0.47,0.33,positive
0.67,0.81,0.48,0.5,0.25,0.42,0.25,positive
0.64,0.72,0.48,0.5,0.49,0.42,0.19,positive
0.68,0.82,0.48,0.5,0.38,0.65,0.56,positive
0.32,0.39,0.48,0.5,0.53,0.28,0.38,positive
0.7,0.64,0.48,0.5,0.47,0.51,0.47,positive
0.63,0.57,0.48,0.5,0.49,0.7,0.2,positive
0.63,0.86,0.48,0.5,0.39,0.47,0.34,positive
0.63,0.83,0.48,0.5,0.4,0.39,0.19,positive
0.63,0.71,0.48,0.5,0.6,0.4,0.39,positive
0.71,0.86,0.48,0.5,0.4,0.54,0.32,positive
0.64,0.84,0.48,0.5,0.37,0.45,0.4,positive
0.74,0.47,0.48,0.5,0.5,0.57,0.42,positive
0.75,0.84,0.48,0.5,0.35,0.52,0.33,positive
0.63,0.65,0.48,0.5,0.39,0.44,0.35,positive
0.69,0.67,0.48,0.5,0.3,0.39,0.24,positive
0.69,0.8,0.48,0.5,0.46,0.57,0.26,positive
0.64,0.66,0.48,0.5,0.41,0.39,0.2,positive
0.63,0.8,0.48,0.5,0.46,0.31,0.29,positive
0.66,0.71,0.48,0.5,0.41,0.5,0.35,positive
0.69,0.59,0.48,0.5,0.46,0.44,0.52,positive
0.68,0.67,0.48,0.5,0.49,0.4,0.34,positive
0.62,0.78,0.48,0.5,0.47,0.49,0.54,positive
0.76,0.73,0.48,0.5,0.44,0.39,0.39,positive
0.64,0.81,0.48,0.5,0.37,0.39,0.44,positive
0.62,0.83,0.48,0.5,0.46,0.36,0.4,positive
0.56,0.54,0.48,0.5,0.43,0.37,0.3,positive
0.69,0.65,0.48,0.5,0.63,0.48,0.41,positive
0.43,0.59,0.48,0.5,0.52,0.49,0.56,positive
0.71,0.57,0.48,0.5,0.48,0.35,0.32,positive
0.61,0.6,0.48,0.5,0.44,0.39,0.38,positive
0.59,0.61,0.48,0.5,0.42,0.42,0.37,positive
0.74,0.74,0.48,0.5,0.31,0.53,0.52,positive
0.6905329160203479,0.6172406041522962,0.48,0.5,0.5680180689740119,0.5,0.42103183680479617,positive
0.74,0.47296155965154685,0.48,0.5,0.43036091163684637,0.5633000874297575,0.38977696068667916,positive
0.7134814791593257,0.7994839955256225,0.48,0.5,0.5666997091748879,0.4938645262635042,0.2464247463503411,positive
0.6339352394755998,0.9111181642149971,0.48,0.5,0.3517532270278705,0.458811494982981,0.486792409598565,positive
0.7094568288319602,0.6293989981318926,0.48,0.5,0.4819938322779654,0.35590245409219623,0.32709137902351854,positive
0.6996451030766696,0.7868873831311222,0.48,0.5,0.5625708829302084,0.4916542494837811,0.278786876656479,positive
0.74,0.4784425562776039,0.48,0.5,0.4541530022172074,0.5472107667354752,0.36614281872854504,positive
0.6619372630862418,0.5790885013632304,0.48,0.5,0.46297937610596024,0.4564715663937432,0.5110011047561523,positive
0.6422302823180076,0.6057950044001996,0.48,0.5,0.45250795276578126,0.39359241945075063,0.37652402542516267,positive
0.6068173258609628,0.6092573800589318,0.48,0.5,0.43483635181921165,0.4154120905872718,0.37655270373283845,positive
0.6936602125215663,0.6164097953918584,0.48,0.5,0.4685733302378663,0.4785596322670138,0.47995462012099116,positive
0.7402748554790392,0.7070417203266947,0.48,0.5,0.4678293752582781,0.39325136084606116,0.35856277651507307,positive
0.6363216597446336,0.6886245020048629,0.48,0.5,0.3957241002383307,0.49960408579401927,0.35,positive
0.7265221368924264,0.8460678254838304,0.48,0.5,0.35536477958244556,0.5229911247297182,0.32422374894838535,positive
0.6943445492317121,0.8313491049606944,0.48,0.5,0.4203417890371231,0.5614622565816866,0.2641243999686699,positive
0.6393309284964012,0.8446912378896475,0.48,0.5,0.3792825119436813,0.4579281703287058,0.35011417649854815,positive
0.7139596876225661,0.7845729715357529,0.48,0.5,0.31996312022389933,0.5803861728343823,0.5390145784618798,positive
0.6645116222428469,0.6681648245671944,0.48,0.5,0.3447772668375678,0.39,0.20296211904036884,positive
0.325156953350245,0.4045250706166117,0.48,0.5,0.53,0.2940653115854146,0.39165946050992384,positive
0.6363600142180111,0.7882740166863162,0.48,0.5,0.4506551424955453,0.35759568735437064,0.3839259963311357,positive
0.7372884656056625,0.8536591945600782,0.48,0.5,0.3604575129581245,0.5356958832142339,0.32914320868809566,positive
0.64,0.6882504558593048,0.48,0.5,0.4720492256560864,0.41552948058763317,0.19919170200040934,positive
0.64,0.6683946565470467,0.48,0.5,0.47643391375047534,0.40197674186672905,0.19843398653868996,positive
0.6345292099237924,0.8548289656896098,0.48,0.5,0.38186129447236206,0.46303421694627944,0.39282238359574945,positive
0.6975606004466587,0.7607640978740088,0.48,0.5,0.32680659477451185,0.5982317615989006,0.5283927771871606,positive
0.6943151333398797,0.6481288413321148,0.48,0.5,0.624927088996845,0.49152788014291227,0.42463905948021646,positive
0.43489587633758114,0.5778817993902728,0.48,0.5,0.5151099910347625,0.4814247992349471,0.5507979353845404,positive
0.6069383926396106,0.6052963432139741,0.48,0.5,0.4338402213059317,0.396767000207609,0.37962126421555215,positive
0.6392157870669967,0.794216437569605,0.48,0.5,0.4126049329475371,0.4236674415951305,0.500984920195368,positive
0.63,0.7047461365404171,0.48,0.5,0.6234555899245746,0.40118600142581906,0.3233816946432047,positive
0.63,0.8291868560029702,0.48,0.5,0.4291732043718095,0.3378045770187562,0.22984479583023867,positive
0.6703556622393144,0.5840612858213085,0.48,0.5,0.4623667701753334,0.45070026396220175,0.5174677081177604,positive
0.6624470171996669,0.8159296158001057,0.48,0.5,0.3019452323636774,0.4129779468278828,0.31112437970297163,positive
0.5300302661319558,0.5186153746822777,0.48,0.5,0.4385767025809137,0.32408839442569337,0.3221151070805005,positive
0.5700227775258498,0.6091176217515926,0.48,0.5,0.40518349732695047,0.4261764767084282,0.36962918119984317,positive
0.6724784088714212,0.821082177828142,0.48,0.5,0.21477514649414503,0.5319200873094122,0.21297269087086113,positive
0.6122013699652801,0.770523781590086,0.48,0.5,0.48375583300104,0.31262626776175517,0.2937255044089094,positive
0.64,0.8156392672861765,0.48,0.5,0.37,0.4274294418511614,0.4310332815416096,positive
0.6096580754223991,0.6444516903180159,0.48,0.5,0.4188643582973997,0.4349488470168055,0.3506379006404404,positive
0.5572218386402037,0.5786107208781134,0.48,0.5,0.44361216125587466,0.7460658829726886,0.20110964135771037,positive
0.6521334484823038,0.858959562310425,0.48,0.5,0.3462457100273046,0.44813847756171665,0.36362787779683814,positive
0.6950397858740963,0.6320930351673443,0.48,0.5,0.62839581815998,0.5036490127626456,0.41694736090370355,positive
0.74,0.47193217023895995,0.48,0.5,0.4966599364744396,0.5589768951186025,0.37917485172561055,positive
0.7094011024601811,0.7868959576302786,0.48,0.5,0.5740244483915902,0.5079452273098595,0.2937584100743678,positive
0.6351684604196586,0.9642943254522065,0.48,0.5,0.3691246470508996,0.4924994588681668,0.48973226298345734,positive
0.7031106493468108,0.6006069733019821,0.48,0.5,0.4826876686491221,0.390456348165386,0.33751777640376285,positive
0.701256433752175,0.7840699968014058,0.48,0.5,0.5677509240321553,0.49228093538007855,0.2655321476660657,positive
0.74,0.47223139739889475,0.48,0.5,0.4216935855712908,0.5553981202655704,0.3873029901410203,positive
0.6508907322914582,0.5819205319637468,0.48,0.5,0.469129436736847,0.4460800539862284,0.5143390990604837,positive
0.6187799391473184,0.6650169035794455,0.48,0.5,0.478052328604541,0.3990045538043616,0.35865813623578124,positive
0.5916740863729771,0.609202442964507,0.48,0.5,0.42725755110897523,0.390637633243589,0.3782874028231234,positive
0.6931912898129746,0.6352217148911109,0.48,0.5,0.46104651437230154,0.4727021059903189,0.49710780369258856,positive
0.7238177194961548,0.6842993085198793,0.48,0.5,0.45551490322902266,0.3974031981167738,0.3418650824623706,positive
0.643591100995568,0.6945223227237735,0.48,0.5,0.40487907203990703,0.444842681552606,0.35,positive
0.7442842871279863,0.8491785563536788,0.48,0.5,0.3651976533793478,0.537621011543663,0.3298071496187059,positive
0.6907391016480252,0.8153711131259275,0.48,0.5,0.44981291884860974,0.5437362681241664,0.29200361710388917,positive
0.6368100623894769,0.857238063168701,0.48,0.5,0.3838591242727666,0.4553830291470582,0.38577811568321235,positive
0.7124026916480726,0.8072235525724213,0.48,0.5,0.37238384272415115,0.6322167261194631,0.5289439599385821,positive
0.688253424027704,0.6658060653218884,0.48,0.5,0.3438937495205838,0.39,0.23101717479338146,positive
0.3323749040956052,0.4182571247280402,0.48,0.5,0.53,0.286854375539205,0.38958009807694366,positive
0.6330352409923167,0.7984360255044172,0.48,0.5,0.4555732015219222,0.35972196020744973,0.38080127655895324,positive
0.725190989822813,0.8540502041063837,0.48,0.5,0.3703377757995384,0.539347082227999,0.32060266466134496,positive
0.64,0.7076518178919532,0.48,0.5,0.46785704401954775,0.39480518324966574,0.19893733851737566,positive
0.64,0.7052959193834613,0.48,0.5,0.4899610164014744,0.40948323568104505,0.19015115852620837,positive
0.634630094458157,0.8502431976141464,0.48,0.5,0.37894508650903785,0.45114973401149716,0.3486348295984418,positive
0.7321696670312831,0.7411893412865926,0.48,0.5,0.3344704390672839,0.5973868173101927,0.5418193115008394,positive
0.6945997222898678,0.6104356073093549,0.48,0.5,0.5989161870626268,0.5162132379151023,0.426379290486188,positive
0.43353473627681555,0.5683514420379736,0.48,0.5,0.5078221717572745,0.48647955767905204,0.5569428369006136,positive
0.6060626518589634,0.6042690178499451,0.48,0.5,0.4269528095752921,0.41071761808707674,0.3759184127355439,positive
0.6390129787835344,0.7896779679255245,0.48,0.5,0.3750898456721848,0.4807657337449508,0.5060748104207224,positive
0.63,0.7022028538671835,0.48,0.5,0.6485504511181555,0.4055173048968421,0.35697564406057286,positive
0.63,0.8191753803301146,0.48,0.5,0.4511990011729479,0.3338991084457653,0.19342253920615848,positive
0.6688934815214148,0.5849927212802382,0.48,0.5,0.4671892959621121,0.46958353224719085,0.5139359763322554,positive
0.6610166041393872,0.8596692486429214,0.48,0.5,0.27080124331574873,0.417731004971422,0.2597163361579017,positive
0.5529314655465131,0.5392261996928767,0.48,0.5,0.4406448277567112,0.3602909645476925,0.34052971936121296,positive
0.5799491878210283,0.6060997684699608,0.48,0.5,0.39109633162400587,0.4270974853035018,0.34331814251310533,positive
0.7161773529490023,0.8226438172798243,0.48,0.5,0.20305476553758822,0.5133036431131269,0.22711714744118316,positive
0.6102580134672677,0.7546706859770035,0.48,0.5,0.5044939968939876,0.32875160139839643,0.3182627328413735,positive
0.64,0.8233465633742798,0.48,0.5,0.37,0.43086025415125084,0.4110527232517336,positive
0.6197649244509515,0.6172315150778962,0.48,0.5,0.3961045808630379,0.43758674193364255,0.3689478361366379,positive
0.5947339322779794,0.5810443097728829,0.48,0.5,0.4598166595520633,0.7184297509163966,0.21321981312381108,positive
0.650169977640293,0.8471409279350991,0.48,0.5,0.3493430806500761,0.4477268157964921,0.37409795054040695,positive
0.6989510372202892,0.647416982,0.48,0.5,0.5774331885444812,0.4978994549845752,0.41867675149619266,positive
0.74,0.4897783085024382,0.48,0.5,0.42824779824221704,0.5490065335783494,0.36618249486994814,positive
0.6719251249636621,0.7926527754248998,0.48,0.5,0.5737952706719587,0.5019021597549312,0.29974792016236557,positive
0.635028331757783,0.9473034417601336,0.48,0.5,0.3632122794785363,0.48990802104588926,0.4309036249852847,positive
0.7059482447426204,0.6568768288093653,0.48,0.5,0.48162174253633183,0.36147439383778224,0.32615666950793537,positive
0.6889277886498092,0.785987166163489,0.48,0.5,0.5560117193960803,0.4947396384559061,0.2864076517880481,positive
0.74,0.47537651342648235,0.48,0.5,0.49143496396441416,0.5486914775268655,0.3978811770136019,positive
0.6606094777437983,0.5753301001477963,0.48,0.5,0.4621790005690086,0.45356750164911763,0.5180053326083089,positive
0.6519444603643471,0.6427833569354211,0.48,0.5,0.47567731602315305,0.39548350985301417,0.3760660249266381,positive
0.5961576597548057,0.603609804828255,0.48,0.5,0.42275718571483284,0.3959595925556695,0.37940977106668916,positive
0.6998156412963684,0.6177532122040953,0.48,0.5,0.46954510530673,0.4581939803633248,0.5143661454591736,positive
0.7136798701103678,0.6934806300890101,0.48,0.5,0.48831799966559364,0.3900926676926384,0.3780707358444776,positive
0.6580854863703376,0.6912348224729411,0.48,0.5,0.39759306664547284,0.44203167949553035,0.35,positive
0.7320604947894801,0.8496063933202062,0.48,0.5,0.3724184818879942,0.5228961126532051,0.32867121471371413,positive
0.709479265651471,0.8463371980171975,0.48,0.5,0.41591793072031846,0.5638064134646216,0.2702791764549652,positive
0.6358903277246742,0.8457682112356302,0.48,0.5,0.3785710616867808,0.45940402271130665,0.35881681381381914,positive
0.7331019007499049,0.7969324034335677,0.48,0.5,0.3484929596627902,0.5940806474367142,0.5454571698173576,positive
0.6813850939694429,0.6650080284735108,0.48,0.5,0.356770770818279,0.39,0.2063879608462529,positive
0.34504951757242464,0.4147793555331658,0.48,0.5,0.53,0.2832169710756052,0.3990435183892895,positive
0.6229089929779579,0.7928052237374075,0.48,0.5,0.452465537431738,0.35324346091204517,0.39324794594962265,positive
0.7437075668273506,0.8559780629300561,0.48,0.5,0.3750419277287075,0.5244274546164625,0.32413727060824166,positive
0.64,0.6636993704564929,0.48,0.5,0.47311460903190494,0.40309023368031915,0.1978740688975464,positive
0.64,0.6920255312047905,0.48,0.5,0.4217347627942089,0.3928379788602928,0.19033907555273974,positive
0.6304227427065834,0.8476833862202087,0.48,0.5,0.3889334377157394,0.4556296312093733,0.3608100156551469,positive
0.7399666581178683,0.8065210503584417,0.48,0.5,0.3329311590490773,0.5665155703798023,0.540408573853518,positive
0.6909505261022191,0.6122174821285024,0.48,0.5,0.5991796333013606,0.514067951883645,0.4218298033722246,positive
0.4322182950678925,0.571380188842651,0.48,0.5,0.5136962185976747,0.4791813914772315,0.5573606811920875,positive
0.5947606788102155,0.6068466046110359,0.48,0.5,0.4201855395801217,0.3920987198808735,0.370439151424874,positive
0.632521511019624,0.8028695293268134,0.48,0.5,0.3718534292449503,0.4195412335738339,0.502763528331881,positive
0.63,0.6938925553393847,0.48,0.5,0.6040516473254653,0.402326650890246,0.3499981599650577,positive
0.63,0.8205078578953854,0.48,0.5,0.4534970734222415,0.38402918117166074,0.2514357579472139,positive
0.6768565474073065,0.5767972949144735,0.48,0.5,0.4638469485380143,0.4413386335593318,0.5147230743011908,positive
0.6644146479606812,0.8367840118244639,0.48,0.5,0.3303088832714681,0.411591110338106,0.2712193039570347,positive
0.546133076319015,0.5039258456060675,0.48,0.5,0.45164126278483413,0.33745562796752193,0.3031603797185471,positive
0.5709851385545943,0.6092490393504401,0.48,0.5,0.41241761824714007,0.435560578929008,0.3401457184866741,positive
0.7000233222825353,0.8356303318707513,0.48,0.5,0.2060650020399327,0.42254620889089056,0.22979746214143473,positive
0.6134554527648413,0.7969778379651011,0.48,0.5,0.46132674190862455,0.3292573453643267,0.3271193856938175,positive
0.64,0.8118545798480837,0.48,0.5,0.37,0.40289843131491265,0.41102867359123363,positive
0.6228958102957963,0.6147273728956097,0.48,0.5,0.41250183463967144,0.43658619980079494,0.3564916735685176,positive
0.5207012509326865,0.5786370223537348,0.48,0.5,0.3818450515473031,0.7004134904879297,0.21180292351965155,positive
0.649607698621444,0.8546130383736609,0.48,0.5,0.34854272815811715,0.415877801752071,0.3934894851297,positive
0.6983252095383156,0.6461139335205773,0.48,0.5,0.5991998504854614,0.5171412182697088,0.42032895557627437,positive
0.74,0.4881245653337787,0.48,0.5,0.499658354657092,0.5513308174627101,0.3761508843787346,positive
0.7167052836022931,0.7866367287722131,0.48,0.5,0.5603456413715179,0.5044236577185015,0.30721511345505903,positive
0.6389949573296528,0.9957981125733836,0.48,0.5,0.35302644795077465,0.45091338882197307,0.46535830373232945,positive
0.6968573638844642,0.6002015405131552,0.48,0.5,0.4893272228847337,0.3827916704059895,0.3286553818935089,positive
0.6974743724003118,0.7996174497032623,0.48,0.5,0.5632835491825681,0.507407489367218,0.2789373689745219,positive
0.74,0.47483214421697584,0.48,0.5,0.4682863966160945,0.5460495743844981,0.3743280030463255,positive
0.658993391550534,0.5843319266144041,0.48,0.5,0.4659365948346086,0.4556517761576918,0.5127565166775118,positive
0.6630474648701055,0.6619068555525531,0.48,0.5,0.47361178686128275,0.39806585359823143,0.36885236520673303,positive
0.592619852311513,0.606027641760423,0.48,0.5,0.43267046219313504,0.3907199136041989,0.37123789956559616,positive
0.696347783849876,0.6369035564742546,0.48,0.5,0.4616372147518066,0.4433762167168428,0.5008680159264054,positive
0.7505934502671389,0.7006856971164964,0.48,0.5,0.4505855121804209,0.39445340545631424,0.3850417398440624,positive
0.653482151623021,0.7010663048801699,0.48,0.5,0.39138328398086225,0.47297424203728056,0.35,positive
0.7318464216215724,0.8509729306680369,0.48,0.5,0.37876923959475084,0.5220404780684289,0.32760643528033373,positive
0.6937580772655164,0.8317207665559673,0.48,0.5,0.4144778347154423,0.5584358938717622,0.3096940872024579,positive
0.630714693428555,0.8448473860652119,0.48,0.5,0.3827468246735769,0.4604766210075433,0.38367117378779936,positive
0.7272664765073243,0.7899384524282526,0.48,0.5,0.35560569374392403,0.5618075771577052,0.5373120266184175,positive
0.6413834245056131,0.6657309187383451,0.48,0.5,0.3724249074220138,0.39,0.21120921796995787,positive
0.34890107147365096,0.39331910372713086,0.48,0.5,0.53,0.285277022123716,0.3957945380151767,positive
0.6271757427768448,0.8156197831169439,0.48,0.5,0.45816241644432576,0.3570545409092275,0.3825828053222707,positive
0.7238300515678406,0.8518288232025426,0.48,0.5,0.3839982179937501,0.5370436645800393,0.32134256770165137,positive
0.64,0.6609604060817245,0.48,0.5,0.46864993807499566,0.39230248624637465,0.19431182414339257,positive
0.64,0.6903844096022566,0.48,0.5,0.41744182754306774,0.390430049674801,0.1973002871967769,positive
0.6307628155823959,0.8548869496948701,0.48,0.5,0.3751015847211303,0.4699510292838196,0.3589944330038599,positive
0.6991110154894589,0.757416822350941,0.48,0.5,0.35756151989817353,0.5400494006244385,0.5206051987290687,positive
0.6978206756183496,0.6124179858350666,0.48,0.5,0.6108008307371566,0.4985,0.4139552684084831,positive
0.4372175217024017,0.5772475491930321,0.48,0.5,0.5029247698659396,0.48612237830635396,0.5486083426182281,positive
0.5923147407526153,0.6089541055288882,0.48,0.5,0.42110089940256623,0.4136578148630229,0.37885695684465864,positive
0.6332836745249961,0.7830457394063234,0.48,0.5,0.4132704756816513,0.39178293430711564,0.44646148041849704,positive
0.63,0.6901400993126215,0.48,0.5,0.6327611327800916,0.40319688399718634,0.29755780704944573,positive
0.63,0.8057269141601844,0.48,0.5,0.408928485575676,0.3892584385067114,0.26661986690414463,positive
0.6735785259614852,0.5881759223427204,0.48,0.5,0.46462430825951895,0.4661418587797169,0.5139284895513124,positive
0.6682734674562889,0.8552941824294931,0.48,0.5,0.33033663236631544,0.4167170750139454,0.30977885285082574,positive
0.5304657471068439,0.5029651243341517,0.48,0.5,0.4501712402246037,0.3245612490239115,0.3109003557746027,positive
0.572171994321044,0.5910170243048003,0.48,0.5,0.4151030145474786,0.4468861906678048,0.3443521030245192,positive
0.7139869572903792,0.846558119355224,0.48,0.5,0.17443733868511438,0.4822506809313596,0.23779311422963303,positive
0.6244811581347094,0.7753011856870662,0.48,0.5,0.4622461243421202,0.32808070957121227,0.3005249132406424,positive
0.64,0.8242204015583067,0.48,0.5,0.37,0.43207520822236245,0.4218178053341595,positive
0.6195897334587127,0.6239423255778656,0.48,0.5,0.41677222207885867,0.43818393210849127,0.3636347018587345,positive
0.4778762226177021,0.5758945632397852,0.48,0.5,0.39773109566301745,0.7255848543114968,0.20050167137953445,positive
0.64671969605357,0.8506794919207004,0.48,0.5,0.3656791253870978,0.4215610943843432,0.37584683845963623,positive
0.6907029406268939,0.6356711972935695,0.48,0.5,0.616880682635505,0.5022749335515448,0.4251684315076931,positive
0.74,0.4889472588984297,0.48,0.5,0.4446024243691972,0.5666796447226841,0.3955373823653453,positive
0.703637050768739,0.7817715658137779,0.48,0.5,0.558424473947783,0.5009082413928047,0.3020868734712916,positive
0.6332841595050456,0.9793577218050792,0.48,0.5,0.3662361952830034,0.47330548368233205,0.4472670395733245,positive
0.7071721186050558,0.593428659701716,0.48,0.5,0.48863362664809473,0.3734191774314354,0.3250659833916489,positive
0.7216559082887825,0.7880528205037595,0.48,0.5,0.5571153558797252,0.492404369486379,0.30586016091326623,positive
0.74,0.4709002390036282,0.48,0.5,0.4351581428473232,0.5458700910872054,0.362056560678214,positive
0.6702827843239404,0.5756717390146104,0.48,0.5,0.46514628466477753,0.45648926764885855,0.5113572427089045,positive
0.6370942206269194,0.6252259401767332,0.48,0.5,0.4797685238772907,0.39737524435951666,0.3724658977834248,positive
0.5960537608940484,0.6045451516831652,0.48,0.5,0.4308015406717502,0.4068067027174693,0.3733543876117686,positive
0.6905817046642826,0.6373172980545938,0.48,0.5,0.4633400778249337,0.4434123037225066,0.5057725722567302,positive
0.6964599070493754,0.6785256684920776,0.48,0.5,0.45973419561580336,0.3958182381744747,0.35923246891550836,positive
0.6449420425988432,0.6583332650105826,0.48,0.5,0.4027162181595166,0.4834523994405854,0.35,positive
0.7383298469642515,0.8465287317193284,0.48,0.5,0.38542466757851285,0.525482974478526,0.329547630433802,positive
0.7011084157400561,0.8216657621243827,0.48,0.5,0.45851876782652046,0.5524081706216679,0.29362480298255267,positive
0.632873583692016,0.8459823108410944,0.48,0.5,0.3834442984252718,0.45976649003666126,0.36598542323958905,positive
0.7110640096891807,0.7560421555917507,0.48,0.5,0.33174398716028347,0.5315428264000568,0.5266109381839651,positive
0.6790099054378818,0.6627395574692492,0.48,0.5,0.3948425866925199,0.39,0.227914286381169,positive
0.32946615503386467,0.3937725917555623,0.48,0.5,0.53,0.31218790696112897,0.3835094962247954,positive
0.6250519991378736,0.7690066484623939,0.48,0.5,0.4543064377006027,0.3589806553317437,0.38603088542158037,positive
0.74601207579165,0.8442977871090764,0.48,0.5,0.3689277885119277,0.5356555312994543,0.32667214022846586,positive
0.64,0.6786122488650462,0.48,0.5,0.4205510782243355,0.39141480692574815,0.1925869898764036,positive
0.64,0.7172661452615063,0.48,0.5,0.41366905899818246,0.40369541381881524,0.19945629998551515,positive
