49.0,29.0,48.0,56.0,24.0,35.0,negative
7.0,4.0,48.0,54.0,35.0,44.0,negative
56.0,4.0,48.0,49.0,37.0,46.0,negative
59.0,49.0,48.0,52.0,45.0,36.0,negative
23.0,32.0,48.0,55.0,25.0,35.0,negative
67.0,39.0,48.0,36.0,38.0,46.0,negative
29.0,28.0,48.0,44.0,23.0,34.0,negative
21.0,34.0,48.0,51.0,28.0,39.0,negative
2.0,44.0,48.0,46.0,51.0,57.0,negative
42.0,24.0,48.0,57.0,27.0,37.0,negative
25.0,48.0,48.0,44.0,17.0,29.0,negative
39.0,32.0,48.0,46.0,24.0,35.0,negative
51.0,5.0,48.0,46.0,32.0,35.0,negative
22.0,43.0,48.0,48.0,16.0,28.0,negative
44.0,27.0,48.0,55.0,52.0,58.0,negative
23.0,4.0,48.0,39.0,28.0,38.0,negative
41.0,57.0,48.0,39.0,21.0,32.0,negative
4.0,45.0,48.0,38.0,22.0,0.0,negative
31.0,23.0,48.0,73.0,5.0,14.0,negative
51.0,54.0,48.0,41.0,34.0,43.0,negative
3.0,16.0,48.0,56.0,11.0,23.0,negative
25.0,4.0,48.0,47.0,33.0,42.0,negative
21.0,51.0,48.0,5.0,32.0,41.0,negative
43.0,37.0,48.0,53.0,35.0,44.0,negative
43.0,39.0,48.0,47.0,31.0,41.0,negative
53.0,38.0,48.0,44.0,26.0,36.0,negative
34.0,33.0,48.0,38.0,35.0,44.0,negative
56.0,51.0,48.0,34.0,37.0,46.0,negative
4.0,29.0,48.0,42.0,35.0,44.0,negative
36.0,54.0,48.0,41.0,38.0,46.0,negative
29.0,52.0,48.0,42.0,29.0,39.0,negative
65.0,47.0,48.0,59.0,3.0,4.0,negative
32.0,42.0,48.0,35.0,28.0,38.0,negative
33.0,45.0,48.0,52.0,32.0,41.0,negative
3.0,37.0,48.0,59.0,41.0,49.0,negative
4.0,5.0,48.0,45.0,39.0,47.0,negative
61.0,45.0,48.0,48.0,35.0,41.0,negative
44.0,35.0,48.0,55.0,55.0,61.0,negative
43.0,4.0,48.0,39.0,28.0,39.0,negative
42.0,35.0,48.0,58.0,15.0,27.0,negative
37.0,52.0,48.0,42.0,42.0,36.0,negative
29.0,3.0,48.0,45.0,3.0,17.0,negative
47.0,47.0,48.0,22.0,16.0,26.0,negative
54.0,47.0,48.0,28.0,33.0,42.0,negative
51.0,37.0,48.0,35.0,36.0,45.0,negative
4.0,35.0,48.0,45.0,33.0,42.0,negative
44.0,34.0,48.0,3.0,33.0,43.0,negative
44.0,56.0,48.0,5.0,46.0,54.0,negative
52.0,36.0,48.0,41.0,28.0,38.0,negative
36.0,41.0,48.0,48.0,47.0,54.0,negative
18.0,3.0,48.0,46.0,24.0,35.0,negative
25.0,37.0,48.0,41.0,33.0,42.0,negative
52.0,57.0,48.0,42.0,47.0,54.0,negative
25.0,37.0,48.0,43.0,26.0,36.0,negative
26.0,26.0,48.0,34.0,25.0,35.0,negative
44.0,51.0,48.0,47.0,26.0,36.0,negative
37.0,5.0,48.0,42.0,36.0,45.0,negative
44.0,42.0,48.0,42.0,25.0,2.0,negative
24.0,43.0,48.0,37.0,28.0,38.0,negative
42.0,3.0,48.0,48.0,26.0,36.0,negative
41.0,48.0,48.0,51.0,44.0,51.0,negative
44.0,28.0,48.0,43.0,27.0,37.0,negative
29.0,41.0,48.0,48.0,38.0,46.0,negative
34.0,28.0,48.0,41.0,35.0,44.0,negative
29.0,47.0,48.0,41.0,23.0,34.0,negative
34.0,55.0,48.0,58.0,31.0,41.0,negative
36.0,56.0,48.0,43.0,45.0,53.0,negative
4.0,46.0,48.0,52.0,49.0,56.0,negative
5.0,49.0,48.0,49.0,46.0,53.0,negative
52.0,44.0,48.0,37.0,36.0,42.0,negative
5.0,51.0,48.0,27.0,23.0,34.0,negative
53.0,42.0,48.0,16.0,29.0,39.0,negative
4.0,42.0,48.0,37.0,27.0,27.0,negative
3.0,45.0,48.0,36.0,21.0,32.0,negative
31.0,47.0,48.0,29.0,28.0,39.0,negative
64.0,76.0,48.0,45.0,35.0,38.0,negative
35.0,37.0,48.0,3.0,34.0,43.0,negative
57.0,54.0,48.0,37.0,28.0,33.0,negative
65.0,55.0,48.0,34.0,37.0,28.0,negative
51.0,46.0,48.0,58.0,31.0,41.0,negative
38.0,4.0,48.0,63.0,25.0,35.0,negative
24.0,57.0,48.0,63.0,34.0,43.0,negative
33.0,47.0,48.0,53.0,18.0,29.0,negative
24.0,34.0,48.0,38.0,3.0,4.0,negative
26.0,5.0,48.0,44.0,32.0,41.0,negative
44.0,49.0,48.0,39.0,38.0,4.0,negative
43.0,32.0,48.0,33.0,45.0,52.0,negative
49.0,43.0,48.0,49.0,3.0,4.0,negative
47.0,28.0,48.0,56.0,2.0,25.0,negative
32.0,33.0,48.0,6.0,6.0,2.0,negative
34.0,35.0,48.0,51.0,49.0,56.0,negative
35.0,34.0,48.0,46.0,3.0,27.0,negative
38.0,44.0,48.0,43.0,2.0,31.0,negative
41.0,51.0,48.0,58.0,2.0,31.0,negative
34.0,42.0,48.0,41.0,34.0,43.0,negative
51.0,49.0,48.0,53.0,14.0,26.0,negative
25.0,51.0,48.0,37.0,42.0,5.0,negative
29.0,28.0,48.0,5.0,42.0,5.0,negative
25.0,26.0,48.0,39.0,32.0,42.0,negative
24.0,41.0,48.0,49.0,23.0,34.0,negative
4.0,31.0,48.0,41.0,29.0,39.0,negative
61.0,36.0,48.0,49.0,35.0,44.0,negative
34.0,51.0,48.0,44.0,37.0,46.0,negative
4.0,46.0,48.0,42.0,35.0,44.0,negative
23.0,34.0,48.0,43.0,26.0,37.0,negative
37.0,44.0,48.0,42.0,39.0,47.0,negative
0.0,38.0,48.0,42.0,48.0,55.0,negative
39.0,31.0,48.0,38.0,34.0,43.0,negative
3.0,44.0,48.0,49.0,22.0,33.0,negative
17.0,52.0,48.0,49.0,37.0,46.0,negative
36.0,42.0,48.0,53.0,32.0,41.0,negative
26.0,4.0,48.0,36.0,26.0,37.0,negative
4.0,41.0,48.0,55.0,22.0,33.0,negative
22.0,34.0,48.0,42.0,29.0,39.0,negative
27.0,42.0,48.0,37.0,38.0,43.0,negative
16.0,43.0,48.0,54.0,27.0,37.0,negative
6.0,61.0,48.0,49.0,92.0,37.0,negative
44.0,52.0,48.0,43.0,47.0,54.0,negative
63.0,47.0,48.0,51.0,82.0,84.0,negative
23.0,48.0,48.0,59.0,88.0,89.0,negative
34.0,49.0,48.0,58.0,85.0,8.0,negative
43.0,4.0,48.0,58.0,75.0,78.0,negative
46.0,61.0,48.0,48.0,86.0,87.0,negative
27.0,35.0,48.0,51.0,77.0,79.0,negative
52.0,39.0,48.0,65.0,71.0,73.0,negative
29.0,47.0,48.0,71.0,65.0,69.0,negative
55.0,47.0,48.0,57.0,78.0,8.0,negative
12.0,67.0,48.0,74.0,58.0,63.0,negative
4.0,5.0,48.0,65.0,82.0,84.0,negative
73.0,36.0,48.0,53.0,91.0,92.0,negative
54.0,49.0,48.0,4.0,87.0,88.0,negative
48.0,41.0,48.0,51.0,9.0,88.0,negative
5.0,66.0,48.0,31.0,92.0,92.0,negative
47.0,55.0,48.0,58.0,71.0,75.0,negative
33.0,56.0,48.0,33.0,78.0,8.0,negative
54.0,57.0,48.0,56.0,81.0,83.0,negative
47.0,59.0,48.0,52.0,76.0,79.0,negative
63.0,5.0,48.0,59.0,85.0,86.0,negative
49.0,42.0,48.0,53.0,79.0,81.0,negative
31.0,5.0,48.0,57.0,84.0,85.0,negative
33.0,45.0,48.0,45.0,88.0,89.0,negative
45.0,4.0,48.0,61.0,74.0,77.0,negative
71.0,4.0,48.0,71.0,7.0,74.0,negative
5.0,37.0,48.0,66.0,64.0,69.0,negative
66.0,53.0,48.0,59.0,66.0,66.0,negative
6.0,61.0,48.0,54.0,67.0,71.0,negative
34.0,51.0,48.0,67.0,9.0,9.0,negative
63.0,54.0,48.0,65.0,79.0,81.0,negative
6.0,5.0,1.0,54.0,77.0,8.0,negative
16.0,51.0,48.0,33.0,39.0,48.0,negative
74.0,7.0,48.0,66.0,65.0,69.0,negative
2.0,46.0,48.0,57.0,78.0,81.0,negative
89.0,55.0,48.0,51.0,72.0,76.0,negative
7.0,46.0,48.0,56.0,78.0,73.0,negative
12.0,43.0,48.0,63.0,7.0,74.0,negative
61.0,52.0,48.0,54.0,67.0,52.0,negative
33.0,37.0,48.0,46.0,65.0,69.0,negative
41.0,51.0,48.0,53.0,75.0,78.0,negative
34.0,67.0,48.0,52.0,76.0,79.0,negative
59.0,56.0,48.0,55.0,8.0,82.0,negative
51.0,4.0,48.0,57.0,62.0,67.0,negative
5.0,57.0,48.0,71.0,61.0,66.0,negative
37.0,47.0,48.0,39.0,76.0,79.0,negative
58.0,55.0,48.0,57.0,7.0,74.0,negative
36.0,47.0,48.0,51.0,69.0,72.0,negative
39.0,41.0,48.0,52.0,72.0,75.0,negative
35.0,51.0,48.0,61.0,71.0,74.0,negative
31.0,44.0,48.0,5.0,79.0,82.0,negative
61.0,66.0,48.0,46.0,87.0,88.0,negative
48.0,49.0,48.0,52.0,77.0,71.0,negative
11.0,5.0,48.0,58.0,72.0,68.0,negative
52.0,54.0,48.0,62.0,76.0,79.0,negative
46.0,59.0,48.0,36.0,76.0,23.0,negative
0.0,51.0,48.0,35.0,67.0,44.0,negative
1.0,49.0,48.0,41.0,67.0,21.0,negative
3.0,51.0,48.0,42.0,61.0,34.0,negative
61.0,47.0,48.0,0.0,8.0,32.0,negative
63.0,75.0,48.0,64.0,73.0,66.0,negative
71.0,52.0,48.0,64.0,1.0,99.0,negative
83.0,48.0,48.0,65.0,76.0,79.0,negative
79.0,36.0,48.0,46.0,82.0,7.0,negative
78.0,33.0,48.0,57.0,77.0,79.0,negative
75.0,37.0,48.0,64.0,7.0,74.0,negative
59.0,29.0,48.0,64.0,75.0,77.0,negative
67.0,37.0,48.0,54.0,64.0,68.0,negative
66.0,48.0,48.0,54.0,7.0,74.0,negative
64.0,46.0,48.0,48.0,73.0,76.0,negative
76.0,71.0,48.0,5.0,71.0,75.0,negative
77.0,55.0,48.0,51.0,78.0,74.0,negative
58.0,6.0,48.0,59.0,73.0,76.0,negative
63.0,42.0,48.0,48.0,77.0,8.0,negative
62.0,42.0,48.0,58.0,79.0,81.0,negative
86.0,39.0,48.0,59.0,89.0,9.0,negative
81.0,53.0,48.0,57.0,87.0,88.0,negative
87.0,49.0,48.0,61.0,76.0,79.0,negative
76.0,41.0,48.0,5.0,59.0,62.0,negative
7.0,53.0,48.0,7.0,86.0,87.0,negative
64.0,45.0,48.0,67.0,61.0,66.0,negative
81.0,52.0,48.0,57.0,78.0,8.0,negative
73.0,26.0,48.0,57.0,75.0,78.0,negative
88.0,42.0,48.0,52.0,73.0,75.0,negative
84.0,54.0,48.0,75.0,92.0,7.0,negative
86.0,55.0,48.0,63.0,81.0,83.0,negative
79.0,54.0,48.0,5.0,66.0,68.0,negative
57.0,38.0,48.0,6.0,49.0,33.0,negative
78.0,44.0,48.0,45.0,73.0,68.0,negative
74.0,49.0,48.0,42.0,54.0,36.0,negative
65.0,57.0,48.0,47.0,47.0,51.0,negative
72.0,86.0,48.0,17.0,55.0,21.0,negative
67.0,7.0,48.0,46.0,45.0,33.0,negative
67.0,81.0,48.0,54.0,49.0,23.0,negative
67.0,61.0,48.0,51.0,37.0,38.0,negative
63.0,1.0,48.0,35.0,51.0,49.0,negative
66.0,74.0,48.0,31.0,38.0,43.0,negative
67.0,81.0,48.0,25.0,42.0,25.0,negative
64.0,72.0,48.0,49.0,42.0,19.0,negative
68.0,82.0,48.0,38.0,65.0,56.0,negative
32.0,39.0,48.0,53.0,28.0,38.0,negative
74.0,82.0,48.0,49.0,49.0,41.0,negative
63.0,86.0,48.0,39.0,47.0,34.0,negative
63.0,83.0,48.0,4.0,39.0,19.0,negative
63.0,71.0,48.0,6.0,4.0,39.0,negative
64.0,84.0,48.0,37.0,45.0,4.0,negative
75.0,84.0,48.0,35.0,52.0,33.0,negative
63.0,65.0,48.0,39.0,44.0,35.0,negative
69.0,67.0,48.0,3.0,39.0,24.0,negative
7.0,71.0,48.0,42.0,84.0,85.0,negative
69.0,8.0,48.0,46.0,57.0,26.0,negative
64.0,66.0,48.0,41.0,39.0,2.0,negative
63.0,8.0,48.0,46.0,31.0,29.0,negative
66.0,71.0,48.0,41.0,5.0,35.0,negative
69.0,59.0,48.0,46.0,44.0,52.0,negative
68.0,67.0,48.0,49.0,4.0,34.0,negative
64.0,78.0,48.0,5.0,36.0,38.0,negative
76.0,73.0,48.0,44.0,39.0,39.0,negative
64.0,81.0,48.0,37.0,39.0,44.0,negative
29.0,39.0,48.0,52.0,4.0,48.0,negative
62.0,83.0,48.0,46.0,36.0,4.0,negative
56.0,54.0,48.0,43.0,37.0,3.0,negative
69.0,66.0,48.0,41.0,5.0,25.0,negative
69.0,65.0,48.0,63.0,48.0,41.0,negative
43.0,59.0,48.0,52.0,49.0,56.0,negative
71.0,57.0,48.0,48.0,35.0,32.0,negative
61.0,6.0,48.0,44.0,39.0,38.0,negative
59.0,61.0,48.0,42.0,42.0,37.0,negative
74.0,74.0,48.0,31.0,53.0,52.0,negative
78.0,68.0,48.0,83.0,4.0,29.0,positive
74.0,9.0,48.0,57.0,53.0,29.0,positive
73.0,84.0,48.0,86.0,58.0,29.0,positive
75.0,76.0,48.0,83.0,57.0,3.0,positive
77.0,57.0,48.0,88.0,53.0,2.0,positive
74.0,78.0,48.0,75.0,54.0,15.0,positive
68.0,76.0,48.0,84.0,45.0,27.0,positive
56.0,68.0,48.0,77.0,36.0,45.0,positive
65.0,51.0,48.0,66.0,54.0,33.0,positive
52.0,81.0,48.0,72.0,38.0,38.0,positive
64.0,57.0,48.0,7.0,33.0,26.0,positive
6.0,76.0,1.0,77.0,59.0,52.0,positive
69.0,59.0,48.0,77.0,39.0,21.0,positive
63.0,49.0,48.0,79.0,45.0,28.0,positive
71.0,71.0,48.0,68.0,43.0,36.0,positive
77.0,57.0,1.0,37.0,54.0,1.0,positive
66.0,49.0,1.0,54.0,56.0,36.0,positive
71.0,46.0,1.0,52.0,59.0,3.0,positive
67.0,55.0,1.0,66.0,58.0,16.0,positive
68.0,49.0,1.0,62.0,55.0,28.0,positive
56.92525188297848,69.65928215907932,48.0,71.41731476713105,40.12416795589579,44.21859881755915,positive
68.8167769175741,74.40558512483352,48.0,77.86146550837314,43.04702749515534,27.118367799909855,positive
62.115322548087846,68.0,48.0,82.31541298742147,31.44868301523783,44.99127768852421,positive
60.86119785605284,45.65608840138276,48.0,6.248314827902699,43.98589087769597,28.217815662971155,positive
59.82865959306639,68.480967664325,1.0,68.32115692952975,58.19604548586499,23.012777807555697,positive
68.69609615275634,56.282311904138076,1.0,65.85957758645814,56.02244769399116,9.830892069430218,positive
66.38826286418204,48.763637147076516,1.0,52.3177002653774,58.94534370457264,30.643044877360722,positive
70.47473274019691,71.1805982817903,48.0,76.98673290026225,44.40465034826339,32.62909234573125,positive
66.1376156552833,54.67618218490806,1.0,62.760051248366665,57.82271391625677,33.57295061795691,positive
70.96431449879027,8.377771315286989,48.0,47.03863885359781,54.24040947405437,27.13121302702962,positive
55.792101312697405,73.87409784626843,48.0,73.39627005137541,36.401682513873084,40.219245150173926,positive
72.51555977904208,79.61701497092542,48.0,71.42207873181178,48.52914383839985,33.937417431332406,positive
71.722724763567,55.20233612314,1.0,37.091301455384794,54.83466976520377,7.586194943097729,positive
74.00739456695662,76.6467949349234,48.0,82.15039976019953,54.51891995589817,3.8910473846932736,positive
63.03080706917767,49.94293637125108,48.0,74.42456104052113,45.30444105139186,29.441742841430788,positive
68.39086906870128,61.68643438878492,48.0,70.14401566748197,46.19197570868469,36.1691463193848,positive
73.65303788522016,71.02546157224381,48.0,69.41900739053506,51.544429244295785,28.632487592365372,positive
66.1398490048094,51.84486896050612,48.0,74.59816304727528,52.73203896578206,31.761237271213133,positive
70.35144095836631,46.16217700514574,1.0,57.0236942563596,56.17070486867687,11.780310906563788,positive
74.88660029952418,77.05133165814695,48.0,81.7001204848796,53.61780742948462,8.77248180713726,positive
67.02768991521937,65.9908908028277,48.0,67.07787009385737,43.92050001368468,41.40277296296242,positive
60.42387023458367,68.66083046519617,48.0,71.55118970567239,38.0924103954676,40.76135985126204,positive
69.2795906361944,68.0,48.0,79.77344915972259,35.36926769667183,30.95941190424768,positive
64.0,72.75501520952618,48.0,6.4062620190655535,33.903048122384114,27.52230554045101,positive
6.0,54.27669148556844,1.0,75.1432115434317,61.14361277789984,19.632183757332868,positive
67.92400734805024,46.49963757673408,1.0,58.12201192527503,58.998993708281496,11.665359999898874,positive
67.16057326180594,54.18245274473667,1.0,58.775384896394385,58.11570231193325,11.019807399058841,positive
72.08976290059704,83.88531650995832,48.0,85.09652143049604,49.60332812952567,28.373365221362622,positive
68.56632070960839,46.48642482825393,1.0,53.342399423700805,58.70588738606732,3.060221655728256,positive
72.1449942742487,8.5487463910938,48.0,47.226781615510454,54.406617448763846,27.61745634301897,positive
64.73833920001186,71.54953930685059,48.0,69.84759285791144,40.14579391894341,36.47564966776949,positive
71.3769556396718,80.25759706171901,48.0,84.99401182897168,48.01292637287803,28.095900722356472,positive
74.44348364501687,46.32796950829046,1.0,50.79482392420946,58.30908168599515,1.2674440335495762,positive
75.10942849251299,73.03574374198865,48.0,83.48592837693603,54.99531410036529,2.597291273473802,positive
63.36961747490695,49.94382671593339,48.0,67.14482630867471,53.29803034691806,32.83958223372201,positive
63.12780664395589,49.07559603007726,48.0,78.47510079021038,41.949994540803274,21.325404558447996,positive
73.56737615545677,83.67767728532067,48.0,80.66806218868754,54.46956433780438,25.1890850555434,positive
68.05133382154203,75.3769251892577,48.0,82.31391301757442,39.59133862688074,25.70308935583515,positive
70.51532581580622,48.14102068183471,1.0,60.645852664416665,56.707828942411346,9.556007096726884,positive
74.4721588082805,57.292743048147486,48.0,79.67484879144942,49.25793392165103,19.950375872762052,positive
54.26165826317233,70.59544050737367,48.0,73.42698181091723,37.644971688847896,38.90078861020706,positive
69.88981102347837,73.2539530865781,48.0,79.8424819985893,43.19849835295911,35.97538084249311,positive
69.67988763890703,67.79162393845725,48.0,67.6296484223621,4.0,30.08519454641467,positive
66.19219281391193,62.81609053056811,48.0,5.499094785827507,34.50031825686486,24.87112183313328,positive
29.34639570969256,65.59738716631165,1.0,69.11995010439024,57.72169072780847,36.297544964034294,positive
72.59952589528237,56.112521429815885,1.0,49.34644010400302,54.90444376331253,9.450323218541484,positive
70.067010362301,46.61968818690549,1.0,63.96929847478411,58.35237904048135,14.76495329565062,positive
68.81489767583753,77.39806718221658,48.0,76.99235043059421,48.845469183523946,25.647616278477965,positive
66.73061528361097,49.0,1.0,57.478567865559256,55.619339498565765,29.404527911113586,positive
63.31992851073629,7.115284788189889,48.0,44.42856307323778,51.62033933903015,35.28291151346495,positive
53.37510211108059,71.58238268197442,48.0,75.52109980020148,37.30110939250573,43.31008692476284,positive
68.82343445564099,79.43916122312687,48.0,84.17680711772633,48.96184097844006,28.80955586004073,positive
73.30246058750605,48.01203488793624,1.0,47.38144149032436,58.74179923959731,1.9472112905544408,positive
70.62068684512727,76.0,48.0,83.13584129006992,55.08595898721513,25.590105070575085,positive
62.92243960526194,50.525960932269584,48.0,58.150231394488564,53.81744399732378,34.91596971780241,positive
66.91301344024843,52.461877302708885,48.0,70.4448355013139,46.244425440987364,28.850225433081725,positive
73.83152475295664,73.8229656674267,48.0,72.21917683460194,45.442967600396656,15.334748038896693,positive
68.58693164053795,60.59690500109629,48.0,80.2022334094184,43.74885459186783,23.5449230457305,positive
68.40300125136247,47.2376335393018,1.0,58.73747459168577,56.138359694367715,13.536391246832128,positive
74.5209866606495,68.15936293197679,48.0,79.19140393926757,53.20439500419333,12.804572896468656,positive
54.07024196637712,71.11514274198521,48.0,72.34878072550129,36.88498526082443,43.148627736014646,positive
68.27486810470329,71.15543204663346,48.0,80.2220618696569,44.775694931363404,29.036804873992814,positive
77.79052863638229,73.53963849630868,48.0,83.33422193679168,25.245143161350658,28.317714993338846,positive
66.43867894481606,62.00227608159027,48.0,5.806660716425274,37.2150525506503,24.68658686982357,positive
57.359722238205826,67.27786495618517,1.0,62.445249414120376,55.92416347029543,28.72837385138486,positive
66.41205508419091,51.70247128130172,1.0,65.35792156634831,56.770346820100265,26.106089948411654,positive
71.60505101125781,52.558694698937984,1.0,46.03699250335058,57.427855775906266,1.4951006713657609,positive
70.05281020917872,74.2886619746658,48.0,78.18729257100198,44.92944714570619,33.034194732129194,positive
66.09276484660643,50.050552232635894,1.0,58.953537269311575,57.05491617623457,22.96569831978031,positive
66.51428884485695,8.718588560066657,48.0,52.938351291469495,32.77539077548838,29.0,positive
55.82913508356927,76.06713237151561,48.0,72.43691480422203,37.520385533037384,40.82784105296478,positive
73.04082168567521,82.28578448000128,48.0,85.98302531971291,57.48484068665467,17.765262740628575,positive
72.87712796002727,56.03609812512061,1.0,52.26699918800621,56.622593778509845,8.838953057857207,positive
73.84609993522797,76.0,48.0,83.29374457300533,48.68318542844256,22.05740912328085,positive
61.50237850205642,50.81862354294895,48.0,64.86895316510784,45.43073071375203,35.92228602321642,positive
68.05094496571755,58.877623026566674,48.0,78.79862324992528,44.98503552796722,23.045589291902747,positive
68.73175038436932,77.37434532630135,48.0,77.22851644292325,49.15498800591281,24.75630921378018,positive
67.44003536212216,57.80141429939144,48.0,76.7655019105369,40.95003668060545,26.27470431711332,positive
66.92870300480054,49.0,1.0,57.10311382868087,55.979641790419684,33.93415306830202,positive
70.42559022900969,49.65331817545143,48.0,81.19555800017488,49.59468043898451,18.52205343218622,positive
69.46983617108981,69.28159812720735,48.0,70.96968714888843,37.04584961871494,38.086649172551546,positive
70.77620034953176,68.20142531260926,48.0,64.0451088955552,44.01043188426898,40.78074078600642,positive
56.29150992520911,68.0,48.0,77.15675956207699,12.640780091749942,34.555894457173764,positive
65.45155194049735,65.80815184484844,48.0,6.038502154763954,34.94848568076343,24.883490049392094,positive
20.515127720387333,72.10969490549243,1.0,58.60821205036374,57.94865916551148,50.1236859013424,positive
70.322611590135,48.94850235724029,1.0,58.318705695886635,58.95442841477624,15.554761682933163,positive
74.47286649294546,55.81801013390528,1.0,37.988330142895265,58.04960753316452,2.034516046164677,positive
68.98796012081988,64.42555253434423,48.0,78.06895802811883,41.4380870480006,23.76955936913841,positive
73.29498078512272,52.15678355468008,1.0,50.791480511041954,54.26441486002652,13.10756745400062,positive
66.59369996568539,8.708335660433162,48.0,55.74430987461797,51.912769664606955,29.0,positive
62.00424205600062,79.97560669165745,48.0,81.30549437537896,42.698780168902104,31.0727250677665,positive
74.91562988620784,77.2087430665727,48.0,84.34051541309313,57.603115334566404,15.689995811673564,positive
76.1580243498898,55.53823706655872,1.0,40.19040593636662,55.248962022117034,11.75765489888529,positive
74.54837151993044,77.3762902795324,48.0,84.36083541961716,57.38126263154248,21.889086334281473,positive
59.44686874568995,50.67995486227512,48.0,52.2644706283655,51.675731993536026,34.87313127943047,positive
64.44189188149802,55.41212784581861,48.0,78.67069063715017,43.10046662640978,22.451161703122423,positive
74.73549719963991,77.82147473125607,48.0,81.7464843243629,55.10211116586003,7.502593762885446,positive
69.63494402079994,70.22204390810074,48.0,69.79568894142089,40.038993511554786,33.70656458276645,positive
67.70633306982732,49.0,1.0,56.945886174690955,55.31478623349298,31.70202911658436,positive
75.55460615794169,64.09959583628007,48.0,87.71481744732105,53.517358680829695,14.335537869931736,positive
67.33395635772709,68.80266093247484,48.0,78.14561959692728,38.778632286882114,34.43613589436754,positive
69.38042348511256,71.36966770376115,48.0,73.46226617267274,43.40962573852547,35.8694076382789,positive
68.64064985143202,68.0,48.0,79.41605553303785,23.85342643086647,31.594709270012963,positive
60.11192137313681,42.12609226114889,48.0,11.491200539664192,29.75627355366211,32.53845069221627,positive
6.0,69.54683269811116,1.0,68.48364014500179,74.00417848523105,44.54811465904399,positive
66.7543933363925,52.86643479485067,1.0,64.89787606943484,57.370255825101296,34.12177292153322,positive
67.10116115378104,51.85874901430777,1.0,58.61655989381525,58.033680562071225,14.797800659849257,positive
73.34281385855199,77.32760917579954,48.0,80.99447071600342,49.9218164737749,24.90224792756819,positive
66.63063663045585,51.31470144880939,1.0,55.29600189513228,57.35752499091192,16.20677294316423,positive
72.52367588618924,8.520406084499985,48.0,50.399310304580915,54.81499398849358,27.938297560157203,positive
55.623447642793046,80.83394038883019,48.0,68.43708989872397,41.636054580411034,36.744648046728194,positive
72.91413359648341,77.19361287014044,48.0,83.81250008813925,47.79483740662478,31.338023308168374,positive
69.33125332870675,55.36209806663944,1.0,56.15700038061908,54.896237874514995,10.016191073110667,positive
74.76080578547429,76.86510933680987,48.0,75.68570615036207,54.99235655602468,13.896522368700776,positive
67.44135443576687,56.50744492142664,48.0,64.80737294957918,51.34323311298318,33.827356746916,positive
57.42033853819123,50.29154071384586,48.0,78.48472735248882,43.19280045581794,28.767169934477685,positive
73.89162617896491,83.60397859537922,48.0,77.14212095755276,54.340211370071785,19.280652628234236,positive
66.30877625181738,54.78193465113582,48.0,75.4255141566095,44.359224522167864,30.167255758612953,positive
67.68273939890004,50.57095345734145,1.0,63.53424797303846,57.11373212527667,24.06310821238909,positive
64.07208506246761,49.562450206142906,48.0,80.31671623837671,45.07966378864893,23.217153403555365,positive
67.10968424871791,70.06528831678288,48.0,77.28172005782278,38.46160643132205,33.53604167951386,positive
70.54536471604382,66.72512190961412,48.0,67.54127294355418,43.501110757682135,36.11132117740989,positive
71.55175771712646,68.0,48.0,82.01175356691564,29.615560559495073,38.83508083359871,positive
57.82386315155684,50.64625055391928,48.0,12.315533106435296,29.527601800014345,30.546434043799394,positive
28.899563591686878,67.53375305395947,1.0,69.59102289891146,58.96873545763719,51.55809734425295,positive
66.94746922577265,50.39345822599079,1.0,56.79070409635995,56.9205036847707,16.38971849269994,positive
71.24287290063184,46.10712695549402,1.0,41.36672001061683,56.190235468227726,2.9142397453472615,positive
68.13567845388167,63.4589308229947,48.0,83.21768571406976,41.275650672980056,26.6118792399794,positive
76.14948753809959,55.153466949946555,1.0,40.75476056608207,54.41390884879348,22.28564839187736,positive
67.17848665860144,7.373243933113289,48.0,52.97993605731956,47.65151311323959,32.042741950828244,positive
67.44493335386065,80.50114027199193,48.0,76.28820445708583,40.77721332542415,33.29230496036,positive
72.29390935238233,74.49340473470909,48.0,76.10034144973426,57.43416715619028,34.953097010231204,positive
67.82967425138801,51.40227984814395,1.0,40.58246055475766,54.58727245225627,17.22375681088393,positive
68.78597049625243,76.0,48.0,83.18804689601969,54.097541155038066,25.12972416084489,positive
63.984362009695765,49.60983084573502,48.0,70.19269753737281,53.84256942819011,30.993975727832215,positive
63.39178953353059,64.30245579737785,48.0,65.4298291904309,45.51186977919082,31.97690984246603,positive
69.03217768986116,76.17963418429302,48.0,81.28402153782328,48.32359710599687,15.532373361749828,positive
70.22318201014858,65.43093738882624,48.0,71.88340151930817,41.30309418975059,32.215035405608255,positive
70.39245596709277,48.19868399702311,1.0,61.96002147377802,57.63623356065654,11.817566852472936,positive
68.81693287654238,54.48980158631897,48.0,80.04495152328995,45.147455884416566,23.624565692890695,positive
58.143374162461534,67.83681658875238,48.0,74.10565596631855,47.33624768502283,42.294965873774245,positive
69.09223683912158,66.88023370368036,48.0,69.09639383716382,41.039534029743734,31.13329275326358,positive
73.30864398739189,61.91362225859212,48.0,82.28811922877333,21.348222173844718,27.8156687053721,positive
64.0,77.28911879954988,48.0,5.28257330805674,33.442735496103396,35.25715348942053,positive
11.888438061232954,69.71281780805523,1.0,68.07099349250898,58.731070338716236,36.58550134928332,positive
70.77014406027035,54.52514314098979,1.0,65.23896855713735,58.76043778018056,4.738402366526103,positive
67.93961903510056,49.06012812174035,1.0,52.408455097338745,58.317182913875946,10.289642284540498,positive
68.22734151280038,73.95241068576131,48.0,68.7452057143606,43.54636793601148,33.80514418976254,positive
66.98370653762633,52.99643669007115,1.0,57.83193860082853,57.10008793565794,22.56539533206419,positive
65.01361130031557,8.445302918172175,48.0,49.587658372000135,41.426249479999264,35.7608570601519,positive
65.11514408625692,79.51792892154059,48.0,76.2423425782018,43.416710924135785,34.947277677034016,positive
73.3397927134503,78.70761548409641,48.0,85.55785139675875,55.56164759434106,26.25611707572136,positive
71.18203159558739,51.74682768978654,1.0,47.67243455507897,54.649995304828025,19.120738218438827,positive
74.43449375824237,76.52679243695081,48.0,78.67844006670668,54.587750981929716,6.6302371811737615,positive
59.96743879572179,49.05225793185975,48.0,56.22749784441378,50.05005496263479,33.68097113763997,positive
63.832168565678685,50.852489101958064,48.0,75.60671771420458,49.44365215047317,32.6609552603574,positive
69.38892125256919,76.33702809186705,48.0,80.11854081929557,50.37878166277238,24.503576509061453,positive
64.77797090307548,50.13247698762332,48.0,78.97389213673058,43.4233171815914,27.839908856779854,positive
67.82773763717705,53.10001057834987,1.0,63.28602248998351,56.83493633799366,19.23951491684928,positive
64.5460398148372,56.3753828391644,48.0,87.56917028124519,52.39993308609911,25.664297003418376,positive
68.04879004020792,70.17741490113114,48.0,74.6744630869314,36.018510320509385,38.04289253509238,positive
69.50591482639607,67.57226757157541,48.0,63.61520073646052,46.39238841002669,37.895581566787484,positive
71.11331285456603,67.76955674123315,48.0,61.20408721610422,4.0,29.709083403081554,positive
64.0,68.79507833578229,48.0,5.85692677804425,34.32565726157924,36.854902422313025,positive
29.491180917823865,57.2481709082311,1.0,72.30752249704067,58.02121283318245,18.202046905164465,positive
75.0349779716199,56.19309715360902,1.0,57.47082604393531,54.49922321992925,9.193369637279773,positive
70.36973411751346,48.28393630884865,1.0,52.594523217271394,57.24604476337823,25.436617510317266,positive
69.37340791632741,72.30481238583883,48.0,73.77722066829476,44.64258502580825,29.437158356019506,positive
66.38497261326047,53.517339454832566,1.0,55.390032145913,57.36584154386244,26.368578194059193,positive
69.88458960362966,7.00931828926101,48.0,53.41764719800358,52.0804229978836,30.865629095010362,positive
58.4428308166817,76.28869720802307,48.0,68.28300389463656,39.53420451976132,37.8337247834438,positive
73.75680025671824,80.55243590572722,48.0,83.60149066164728,57.5175740586925,11.42821451695572,positive
71.44893799451431,49.671363022135765,1.0,43.47892779242354,54.068611084589214,1.0373002359337615,positive
75.86675212597032,68.26899450551159,48.0,86.30357030181845,56.401761718160984,2.1942834554262336,positive
67.87120767228154,56.7427233762906,48.0,63.79352310320443,52.68884238699537,35.72144790542295,positive
63.435825572978224,64.52649491047667,48.0,74.60811145111721,47.700239198866356,40.660993427592786,positive
74.65067138355533,76.63870277510082,48.0,78.42963706298484,54.32546788545732,12.1157767211869,positive
63.842273700736,50.76874679714558,48.0,77.90404257474954,42.06130108789729,21.917700734209117,positive
67.70831065558775,49.031937318986955,1.0,64.20543667401179,55.85970763091247,27.348086546867883,positive
76.83456624517684,57.343409826862136,48.0,81.89307686879513,43.895324385085516,7.9545683810687935,positive
53.76289247730809,71.92394632025241,48.0,73.55410712198677,37.65039498056911,43.80676745526753,positive
69.86849047291074,69.00673037226267,48.0,72.2906955499029,42.21676767389707,21.870940368333784,positive
72.41886425291497,67.0528183590306,48.0,70.07646720813052,4.0,32.30763453091812,positive
60.56922720516458,49.111880925236505,48.0,11.19739975866397,32.15230298566625,38.04891000979711,positive
10.232348413253948,69.44672341995624,1.0,71.34782613721154,58.32581531283986,21.361782630203653,positive
67.41507887079221,52.072719398150035,1.0,62.27422576424147,57.97048421051367,17.321294691789113,positive
69.64718088152294,46.618129556668066,1.0,53.55555493101971,57.983530209106426,26.847528122346283,positive
68.77408713338576,61.80338594282143,48.0,78.53394607996017,43.073973314564945,23.136267422776413,positive
66.48213007296413,49.0,1.0,56.473213139122215,55.64351950570798,33.62393547642088,positive
73.93424446818453,8.734244792767395,48.0,56.44622178837683,53.14050617153484,27.184366319322237,positive
57.34889295192007,65.38685259576651,48.0,69.67039261595514,42.67956973901458,39.90080010479746,positive
69.47730814048896,82.43373831620052,48.0,85.09497325570739,49.23829740335641,27.850590945224738,positive
72.34364330968616,56.52453766792873,1.0,44.030800925835045,55.7864009301195,12.059557468540094,positive
75.43728561132899,69.02471178448785,48.0,87.84767868797584,53.808163401741645,2.8864065740863034,positive
65.39264184075157,53.27591886122353,48.0,67.98046202893201,51.32189469449592,25.724565424197717,positive
65.89845899371286,53.4035285163619,48.0,69.42281776141914,47.829108908416806,30.789663570108274,positive
73.1182203179904,77.78319734196877,48.0,72.76906119927872,52.23691537023399,30.047790332894266,positive
70.6107712139067,62.456765280689226,48.0,68.92217370246574,42.85140895525295,29.02900505243723,positive
68.61725069746458,46.453515396987704,1.0,58.72772491284244,55.70508543107573,14.532705070742963,positive
75.22640684540961,64.51261465588725,48.0,78.66680477905109,53.96318895129147,3.727767051264342,positive
64.15124190832705,70.9535418387508,48.0,72.42413489613557,42.20136007337757,36.455596715976824,positive
70.15236788933905,72.46365057663522,48.0,77.43989919358391,44.913203952448434,30.334743130018044,positive
73.6410298879371,64.51990150466955,48.0,79.80634011973257,13.291059714364124,25.5776969739808,positive
62.881420337388725,39.8929545306916,48.0,6.092865031789473,33.27802565137749,28.087966447277054,positive
6.0,22.271038458133972,1.0,66.77017314002099,74.16328608971779,8.234151359681107,positive
67.50426139142948,54.1653719079373,1.0,64.39936023425925,55.46266556157065,16.145633793375687,positive
70.50871441183102,48.022032846855026,1.0,56.55894648063037,56.55393533451734,24.700300082744477,positive
68.92304612391216,72.86885157332273,48.0,79.62435065383254,39.588065482943094,25.990958077797522,positive
66.1471948383614,49.0,1.0,61.72153374339192,55.77961195600292,32.2584535371338,positive
69.91443294794558,8.43235951470048,48.0,52.63720689739465,47.30786360693283,29.0,positive
55.40150776010407,72.43402521336458,48.0,70.42598747337513,38.656135124149976,37.58921673524958,positive
68.06688817943315,77.19558447055915,48.0,85.68748680098169,49.26754361508398,28.016479530708757,positive
74.59504931746083,52.57372549839113,1.0,48.11833123101272,54.79648762143894,2.302673536600361,positive
68.85686178474371,76.0,48.0,83.05646800669732,50.03409787348036,20.172453283640642,positive
64.2559869060166,50.88505975450944,48.0,68.56156580862307,46.002532869423646,32.25979123376899,positive
58.026079538182934,62.491884309682455,48.0,77.39795258072266,38.735564942593136,29.165920601320995,positive
68.15502548668323,77.64291966696965,48.0,76.82147779543834,45.156086382028036,22.1054149984432,positive
65.56442550609846,56.192742083174956,48.0,76.73794326069486,39.9106392150122,28.711295192882808,positive
75.36468543128488,52.71663384177289,1.0,53.52364474616341,54.24344699972518,27.338470925209087,positive
76.91249584885696,70.13682109902382,48.0,84.6948247273521,56.04437784973519,2.841286341144726,positive
61.50021478625525,69.0408535555665,48.0,68.73938446480462,41.60553410423656,41.92894656813257,positive
70.57432446468265,63.34172282877783,48.0,69.00480131764024,42.767949854188224,35.54887916900979,positive
77.53484215691232,71.62459291346161,48.0,83.71936560343505,18.388639324749768,27.757429420786053,positive
67.29099073757386,65.33016737233055,48.0,3.340912613223345,34.165157110574846,25.076244880726914,positive
61.28810818104408,55.72477905018498,1.0,73.4625238524677,58.70600829427171,40.012524625423424,positive
69.38725224361104,46.10535824210187,1.0,58.98987031875048,58.491315840553455,3.7415538051389383,positive
