0.68,0.49,1.0,0.5,0.62,0.55,0.28,negative
0.75,0.84,0.48,0.5,0.35,0.52,0.33,negative
0.52,0.44,0.48,0.5,0.37,0.36,0.42,negative
0.87,0.49,0.48,0.5,0.61,0.76,0.79,positive
0.41,0.51,0.48,0.5,0.58,0.2,0.31,negative
0.2,0.46,0.48,0.5,0.57,0.78,0.81,negative
0.41,0.51,0.48,0.5,0.53,0.75,0.78,negative
0.35,0.34,0.48,0.5,0.46,0.3,0.27,negative
0.44,0.35,0.48,0.5,0.55,0.55,0.61,negative
0.76,0.71,0.48,0.5,0.5,0.71,0.75,positive
0.76,0.41,0.48,0.5,0.5,0.59,0.62,positive
0.3,0.37,0.48,0.5,0.43,0.18,0.3,negative
0.18,0.3,0.48,0.5,0.46,0.24,0.35,negative
0.81,0.52,0.48,0.5,0.57,0.78,0.8,positive
0.25,0.4,0.48,0.5,0.46,0.44,0.52,negative
0.78,0.44,0.48,0.5,0.45,0.73,0.68,positive
0.69,0.59,0.48,0.5,0.46,0.44,0.52,negative
0.64,0.66,0.48,0.5,0.41,0.39,0.2,negative
0.63,0.75,0.48,0.5,0.64,0.73,0.66,negative
0.69,0.66,0.48,0.5,0.41,0.5,0.25,negative
0.36,0.54,0.48,0.5,0.41,0.38,0.46,negative
0.37,0.5,0.48,0.5,0.42,0.36,0.45,negative
0.37,0.47,0.48,0.5,0.39,0.76,0.79,negative
0.44,0.56,0.48,0.5,0.5,0.46,0.54,negative
0.3,0.45,0.48,0.5,0.36,0.21,0.32,negative
0.52,0.57,0.48,0.5,0.42,0.47,0.54,negative
0.06,0.61,0.48,0.5,0.49,0.92,0.37,negative
0.4,0.5,0.48,0.5,0.65,0.82,0.84,negative
0.2,0.44,0.48,0.5,0.46,0.51,0.57,negative
0.51,0.4,0.48,0.5,0.57,0.62,0.67,negative
0.49,0.29,0.48,0.5,0.56,0.24,0.35,negative
0.29,0.47,0.48,0.5,0.41,0.23,0.34,negative
0.45,0.4,0.48,0.5,0.61,0.74,0.77,negative
0.74,0.7,0.48,0.5,0.66,0.65,0.69,negative
0.5,0.51,0.48,0.5,0.27,0.23,0.34,negative
0.75,0.37,0.48,0.5,0.64,0.7,0.74,positive
0.59,0.29,0.48,0.5,0.64,0.75,0.77,positive
0.44,0.34,0.48,0.5,0.3,0.33,0.43,negative
0.39,0.31,0.48,0.5,0.38,0.34,0.43,negative
0.51,0.37,0.48,0.5,0.35,0.36,0.45,negative
0.74,0.44,0.48,0.5,0.55,0.88,0.89,negative
0.5,0.66,0.48,0.5,0.31,0.92,0.92,negative
0.33,0.47,0.48,0.5,0.53,0.18,0.29,negative
0.77,0.57,0.48,0.5,0.88,0.53,0.2,negative
0.5,0.49,0.48,0.5,0.49,0.46,0.53,negative
0.64,0.57,0.48,0.5,0.7,0.33,0.26,negative
0.42,0.35,0.48,0.5,0.58,0.15,0.27,negative
0.27,0.35,0.48,0.5,0.51,0.77,0.79,negative
0.44,0.35,0.48,0.5,0.44,0.52,0.59,negative
0.56,0.4,0.48,0.5,0.49,0.37,0.46,negative
0.36,0.42,0.48,0.5,0.53,0.32,0.41,negative
0.61,0.36,0.48,0.5,0.49,0.35,0.44,negative
0.68,0.82,0.48,0.5,0.38,0.65,0.56,negative
0.36,0.41,0.48,0.5,0.48,0.47,0.54,negative
0.27,0.42,0.48,0.5,0.37,0.38,0.43,negative
0.31,0.44,0.48,0.5,0.5,0.79,0.82,negative
0.34,0.49,0.48,0.5,0.58,0.85,0.8,negative
0.47,0.46,0.48,0.5,0.62,0.74,0.77,positive
0.63,0.69,0.48,0.5,0.65,0.41,0.28,negative
0.22,0.34,0.48,0.5,0.42,0.29,0.39,negative
0.63,0.8,0.48,0.5,0.46,0.31,0.29,negative
0.21,0.51,0.48,0.5,0.5,0.32,0.41,negative
0.75,0.55,1.0,1.0,0.4,0.47,0.3,negative
0.54,0.49,0.48,0.5,0.4,0.87,0.88,negative
0.23,0.34,0.48,0.5,0.43,0.26,0.37,negative
0.65,0.47,0.48,0.5,0.59,0.3,0.4,negative
0.6,0.76,1.0,0.5,0.77,0.59,0.52,negative
0.63,0.65,0.48,0.5,0.66,0.67,0.71,negative
0.53,0.42,0.48,0.5,0.16,0.29,0.39,negative
0.69,0.39,0.48,0.5,0.57,0.76,0.79,negative
0.3,0.51,0.48,0.5,0.42,0.61,0.34,negative
0.66,0.71,0.48,0.5,0.41,0.5,0.35,negative
0.38,0.44,0.48,0.5,0.43,0.2,0.31,negative
0.26,0.26,0.48,0.5,0.34,0.25,0.35,negative
0.66,0.48,0.48,0.5,0.54,0.7,0.74,positive
0.48,0.42,0.48,0.5,0.45,0.25,0.35,negative
0.24,0.35,0.48,0.5,0.31,0.19,0.31,negative
0.65,0.57,0.48,0.5,0.47,0.47,0.51,negative
0.79,0.54,0.48,0.5,0.5,0.66,0.68,positive
0.63,1.0,0.48,0.5,0.35,0.51,0.49,negative
0.42,0.24,0.48,0.5,0.57,0.27,0.37,negative
0.43,0.37,0.48,0.5,0.53,0.35,0.44,negative
0.83,0.48,0.48,0.5,0.65,0.76,0.79,positive
0.72,0.86,0.48,0.5,0.17,0.55,0.21,negative
0.41,0.43,0.48,0.5,0.45,0.31,0.41,negative
0.23,0.4,0.48,0.5,0.39,0.28,0.38,negative
0.63,0.54,0.48,0.5,0.65,0.79,0.81,negative
0.29,0.28,0.48,0.5,0.44,0.23,0.34,negative
0.74,0.47,0.48,0.5,0.5,0.57,0.42,negative
0.71,0.71,0.48,0.5,0.4,0.54,0.39,negative
0.64,0.45,0.48,0.5,0.67,0.61,0.66,positive
0.25,0.48,0.48,0.5,0.44,0.17,0.29,negative
0.63,0.49,0.48,0.5,0.79,0.45,0.28,negative
0.63,0.71,0.48,0.5,0.6,0.4,0.39,negative
0.24,0.41,0.48,0.5,0.49,0.23,0.34,negative
0.44,0.49,0.48,0.5,0.39,0.38,0.4,negative
0.49,0.61,1.0,0.5,0.56,0.71,0.74,positive
0.74,0.78,0.48,0.5,0.75,0.54,0.15,negative
0.24,0.43,0.48,0.5,0.37,0.28,0.38,negative
0.34,0.28,0.48,0.5,0.41,0.35,0.44,negative
0.33,0.37,0.48,0.5,0.46,0.65,0.69,negative
0.25,0.4,0.48,0.5,0.47,0.33,0.42,negative
0.38,0.3,0.48,0.5,0.43,0.29,0.39,negative
0.61,0.45,0.48,0.5,0.48,0.35,0.41,negative
0.68,0.67,0.48,0.5,0.49,0.4,0.34,negative
0.39,0.32,0.48,0.5,0.46,0.24,0.35,negative
0.69,0.67,0.48,0.5,0.3,0.39,0.24,negative
0.4,0.46,0.48,0.5,0.42,0.35,0.44,negative
0.44,0.52,0.48,0.5,0.43,0.47,0.54,negative
0.73,0.26,0.48,0.5,0.57,0.75,0.78,positive
0.4,0.46,0.48,0.5,0.52,0.49,0.56,negative
0.28,0.33,0.48,0.5,0.45,0.22,0.33,negative
0.3,0.16,0.48,0.5,0.56,0.11,0.23,negative
0.61,0.52,0.48,0.5,0.54,0.67,0.52,negative
0.76,0.73,0.48,0.5,0.44,0.39,0.39,negative
0.69,0.8,0.48,0.5,0.46,0.57,0.26,negative
0.73,0.84,0.48,0.5,0.86,0.58,0.29,negative
0.1,0.49,0.48,0.5,0.41,0.67,0.21,negative
0.42,0.38,0.48,0.5,0.54,0.34,0.43,negative
0.64,0.84,0.48,0.5,0.37,0.45,0.4,negative
0.74,0.74,0.48,0.5,0.31,0.53,0.52,negative
0.35,0.48,0.48,0.5,0.56,0.4,0.48,negative
0.83,0.37,0.48,0.5,0.61,0.71,0.74,negative
0.24,0.57,0.48,0.5,0.63,0.34,0.43,negative
0.63,0.51,0.48,0.5,0.64,0.72,0.76,positive
0.3,0.37,0.48,0.5,0.59,0.41,0.49,negative
0.0,0.38,0.48,0.5,0.42,0.48,0.55,negative
0.71,0.4,0.48,0.5,0.71,0.7,0.74,negative
0.89,0.55,0.48,0.5,0.51,0.72,0.76,negative
0.81,0.53,0.48,0.5,0.57,0.87,0.88,positive
0.57,0.54,0.48,0.5,0.37,0.28,0.33,negative
0.42,0.4,0.48,0.5,0.56,0.18,0.3,negative
0.68,0.76,0.48,0.5,0.84,0.45,0.27,negative
0.66,0.74,0.48,0.5,0.31,0.38,0.43,negative
0.62,0.42,0.48,0.5,0.58,0.79,0.81,positive
0.75,0.76,0.48,0.5,0.83,0.57,0.3,negative
0.88,0.42,0.48,0.5,0.52,0.73,0.75,positive
0.29,0.39,0.48,0.5,0.52,0.4,0.48,negative
0.67,0.84,0.48,0.5,0.74,0.54,0.37,negative
0.49,0.42,0.48,0.5,0.53,0.79,0.81,negative
0.64,0.58,0.48,0.5,0.48,0.78,0.73,negative
0.38,0.4,0.48,0.5,0.63,0.25,0.35,negative
0.34,0.33,0.48,0.5,0.38,0.35,0.44,negative
0.36,0.39,0.48,0.5,0.48,0.22,0.23,negative
0.16,0.51,0.48,0.5,0.33,0.39,0.48,negative
0.4,0.29,0.48,0.5,0.42,0.35,0.44,negative
0.0,0.51,0.48,0.5,0.35,0.67,0.44,negative
0.86,0.55,0.48,0.5,0.63,0.81,0.83,positive
0.68,0.63,0.48,0.5,0.73,0.4,0.3,negative
0.37,0.52,0.48,0.5,0.42,0.42,0.36,negative
0.69,0.43,0.48,0.5,0.59,0.74,0.77,positive
0.4,0.5,0.48,0.5,0.45,0.39,0.47,negative
0.58,0.34,0.48,0.5,0.56,0.87,0.81,negative
0.35,0.51,0.48,0.5,0.61,0.71,0.74,negative
0.73,0.36,0.48,0.5,0.53,0.91,0.92,negative
0.68,0.78,0.48,0.5,0.43,0.44,0.42,negative
0.63,0.86,0.48,0.5,0.39,0.47,0.34,negative
0.58,0.55,0.48,0.5,0.57,0.7,0.74,negative
0.32,0.42,0.48,0.5,0.35,0.28,0.38,negative
0.73,0.78,0.48,0.5,0.58,0.51,0.31,negative
0.34,0.45,0.48,0.5,0.38,0.24,0.35,negative
0.64,0.76,0.48,0.5,0.45,0.35,0.38,negative
0.34,0.51,0.48,0.5,0.67,0.9,0.9,negative
0.33,0.45,0.48,0.5,0.52,0.32,0.41,negative
0.29,0.28,0.48,0.5,0.5,0.42,0.5,negative
0.38,0.26,0.48,0.5,0.54,0.16,0.28,negative
0.44,0.42,0.48,0.5,0.42,0.25,0.2,negative
0.32,0.39,0.48,0.5,0.53,0.28,0.38,negative
0.77,0.57,1.0,0.5,0.37,0.54,0.01,negative
0.63,0.65,0.48,0.5,0.39,0.44,0.35,negative
0.63,0.83,0.48,0.5,0.4,0.39,0.19,negative
0.61,0.6,0.48,0.5,0.44,0.39,0.38,negative
0.72,0.42,0.48,0.5,0.65,0.77,0.79,positive
0.57,0.38,0.48,0.5,0.06,0.49,0.33,positive
0.43,0.4,0.48,0.5,0.39,0.28,0.39,negative
0.43,0.4,0.48,0.5,0.58,0.75,0.78,negative
0.67,0.81,0.48,0.5,0.25,0.42,0.25,negative
0.22,0.36,0.48,0.5,0.35,0.39,0.47,negative
0.7,0.39,1.0,0.5,0.51,0.82,0.84,negative
0.68,0.51,0.48,0.5,0.71,0.75,0.78,negative
0.48,0.45,0.48,0.5,0.6,0.78,0.8,negative
0.25,0.37,0.48,0.5,0.41,0.33,0.42,negative
0.44,0.27,0.48,0.5,0.55,0.52,0.58,negative
0.33,0.45,0.48,0.5,0.45,0.88,0.89,negative
0.11,0.5,0.48,0.5,0.58,0.72,0.68,negative
0.4,0.41,0.48,0.5,0.55,0.22,0.33,negative
0.63,0.57,0.48,0.5,0.49,0.7,0.2,negative
0.7,0.64,0.48,0.5,0.47,0.51,0.47,negative
0.4,0.35,0.48,0.5,0.45,0.33,0.42,negative
0.29,0.37,0.48,0.5,0.48,0.44,0.52,negative
0.29,0.52,0.48,0.5,0.42,0.29,0.39,negative
0.32,0.33,0.48,0.5,0.6,0.06,0.2,negative
0.67,0.7,0.48,0.5,0.46,0.45,0.33,negative
0.6,0.46,0.48,0.5,0.45,0.81,0.83,negative
0.22,0.43,0.48,0.5,0.48,0.16,0.28,negative
0.67,0.39,0.48,0.5,0.36,0.38,0.46,negative
0.64,0.72,0.48,0.5,0.49,0.42,0.19,negative
0.67,0.88,0.48,0.5,0.73,0.5,0.25,negative
0.25,0.37,0.48,0.5,0.43,0.26,0.36,negative
0.29,0.47,0.48,0.5,0.71,0.65,0.69,negative
0.23,0.32,0.48,0.5,0.55,0.25,0.35,negative
0.63,0.5,0.48,0.5,0.59,0.85,0.86,negative
0.17,0.38,0.48,0.5,0.45,0.42,0.5,negative
0.61,0.75,0.48,0.5,0.51,0.33,0.33,negative
0.77,0.55,0.48,0.5,0.51,0.78,0.74,positive
0.62,0.78,0.48,0.5,0.47,0.49,0.54,negative
0.79,0.41,0.48,0.5,0.66,0.81,0.83,positive
0.31,0.36,0.48,0.5,0.58,0.94,0.94,negative
0.46,0.59,0.48,0.5,0.36,0.76,0.23,negative
0.63,0.47,0.48,0.5,0.51,0.82,0.84,negative
0.6,0.61,0.48,0.5,0.54,0.67,0.71,negative
0.71,0.86,0.48,0.5,0.4,0.54,0.32,negative
0.34,0.42,0.48,0.5,0.41,0.34,0.43,negative
0.07,0.4,0.48,0.5,0.54,0.35,0.44,negative
0.34,0.35,0.48,0.5,0.51,0.49,0.56,negative
0.84,0.44,0.48,0.5,0.48,0.71,0.74,negative
0.54,0.57,0.48,0.5,0.56,0.81,0.83,negative
0.54,0.47,0.48,0.5,0.28,0.33,0.42,negative
0.3,0.44,0.48,0.5,0.49,0.22,0.33,negative
0.56,0.68,0.48,0.5,0.77,0.36,0.45,negative
0.56,0.54,0.48,0.5,0.43,0.37,0.3,negative
0.56,0.51,0.48,0.5,0.34,0.37,0.46,negative
0.43,0.32,0.48,0.5,0.33,0.45,0.52,negative
0.37,0.44,0.48,0.5,0.42,0.39,0.47,negative
0.25,0.26,0.48,0.5,0.39,0.32,0.42,negative
0.59,0.56,0.48,0.5,0.55,0.8,0.82,negative
0.66,0.53,0.48,0.5,0.59,0.66,0.66,negative
0.72,0.46,0.48,0.5,0.51,0.66,0.7,negative
0.52,0.81,0.48,0.5,0.72,0.38,0.38,negative
0.36,0.45,0.48,0.5,0.38,0.79,0.17,negative
0.26,0.4,0.48,0.5,0.36,0.26,0.37,negative
0.7,0.61,0.48,0.5,0.56,0.52,0.43,negative
0.42,0.3,0.48,0.5,0.48,0.26,0.36,negative
0.67,0.81,0.48,0.5,0.54,0.49,0.23,negative
0.64,0.46,0.48,0.5,0.48,0.73,0.76,positive
0.66,0.86,0.48,0.5,0.34,0.41,0.36,negative
0.04,0.31,0.48,0.5,0.41,0.29,0.39,negative
0.74,0.82,0.48,0.5,0.49,0.49,0.41,negative
0.24,0.43,0.48,0.5,0.54,0.52,0.59,negative
0.23,0.33,0.48,0.5,0.43,0.33,0.43,negative
0.66,0.49,1.0,0.5,0.54,0.56,0.36,negative
0.5,0.57,0.48,0.5,0.71,0.61,0.66,negative
0.41,0.43,0.48,0.5,0.5,0.24,0.25,negative
0.63,0.42,0.48,0.5,0.48,0.77,0.8,positive
0.38,0.46,0.48,0.5,0.48,0.22,0.29,negative
0.58,0.6,0.48,0.5,0.59,0.73,0.76,positive
0.31,0.5,0.48,0.5,0.57,0.84,0.85,negative
0.5,0.37,0.48,0.5,0.66,0.64,0.69,negative
0.34,0.51,0.48,0.5,0.44,0.37,0.46,negative
0.74,0.56,0.48,0.5,0.47,0.68,0.3,negative
0.29,0.3,0.48,0.5,0.45,0.03,0.17,negative
0.17,0.52,0.48,0.5,0.49,0.37,0.46,negative
0.65,0.51,0.48,0.5,0.66,0.54,0.33,negative
0.47,0.55,0.48,0.5,0.58,0.71,0.75,negative
0.67,0.55,1.0,0.5,0.66,0.58,0.16,negative
0.51,0.54,0.48,0.5,0.41,0.34,0.43,negative
0.7,0.46,0.48,0.5,0.56,0.78,0.73,negative
0.69,0.65,0.48,0.5,0.63,0.48,0.41,negative
0.43,0.59,0.48,0.5,0.52,0.49,0.56,negative
0.47,0.28,0.48,0.5,0.56,0.2,0.25,negative
0.71,0.57,0.48,0.5,0.48,0.35,0.32,negative
0.44,0.28,0.48,0.5,0.43,0.27,0.37,negative
0.7,0.4,0.48,0.5,0.56,0.86,0.83,negative
0.51,0.49,0.48,0.5,0.53,0.14,0.26,negative
0.48,0.41,0.48,0.5,0.51,0.9,0.88,negative
0.34,0.46,0.48,0.5,0.52,0.35,0.44,negative
0.79,0.36,0.48,0.5,0.46,0.82,0.7,positive
0.74,0.49,0.48,0.5,0.42,0.54,0.36,negative
0.7458233128847728,0.42375933349412753,0.48,0.5,0.5074813269024007,0.6107945839631033,0.6788442462434586,positive
0.8674960245416851,0.51222199420509,0.48,0.5,0.6204449036648353,0.7991217083586457,0.8010645584758135,positive
0.7840892125432528,0.4109152447476886,0.48,0.5,0.6577801735235204,0.8065805086872379,0.8116066991037442,positive
0.5827078669753057,0.3296702566914921,0.48,0.5,0.5840924082746922,0.8483885199268126,0.7758773614395451,positive
0.6957730180638447,0.3084791521874566,0.48,0.5,0.57,0.7577053246029655,0.7898893371516941,positive
0.8329921941226511,0.5052988257275406,0.48,0.5,0.580028314355735,0.7605196833830898,0.7980133702734092,positive
0.7785683279756059,0.4978779288350499,0.48,0.5,0.5027549252172135,0.66,0.6986540056831924,positive
0.54249457450852,0.3963572732923666,0.48,0.5,0.10822708842825925,0.4047197347404332,0.3376774903814801,positive
0.64290778050702,0.4650670783348755,0.48,0.5,0.4906509167026084,0.7102379073780786,0.7492470908537731,positive
0.69,0.4009467031197036,0.48,0.5,0.5816207261526443,0.7460526847073754,0.7882444985506162,positive
0.7114219416536063,0.4245418494809383,0.48,0.5,0.62233088446704,0.748764789616354,0.7774173692757799,positive
0.7488944588384324,0.7031259521225365,0.48,0.5,0.5001257664396637,0.6765448263713434,0.7434764609584458,positive
0.8090189425439679,0.44,0.48,0.5,0.4592454383859507,0.7108345250086318,0.7324591628989381,positive
0.7848288709086605,0.42787564229953146,0.48,0.5,0.4530071833094118,0.8010271560340694,0.6970435344717139,positive
0.47808953989436154,0.4584378320781578,0.48,0.5,0.6001273866846764,0.7520921745819605,0.7769211727346791,positive
0.7805036622732294,0.37,0.48,0.5,0.6395974473078783,0.7086707432039142,0.74,positive
0.63,0.5346941071535884,0.48,0.5,0.6478376199644853,0.7853340913886117,0.7957715329371923,positive
0.58,0.5687158267149234,0.48,0.5,0.5831125069386045,0.7293380490442741,0.7461986456652593,positive
0.8491047015336082,0.48572390959688205,0.48,0.5,0.6366887741356775,0.76,0.79,positive
0.5835561936885391,0.5368969022051032,1.0,0.5,0.5225384141120214,0.7818552472555098,0.7638321167009626,positive
0.6378970807374538,0.4078295582540292,0.48,0.5,0.5743651871329016,0.7720525351319528,0.7948564333184795,positive
0.8586888628781554,0.4305040106191579,0.48,0.5,0.5170570773011929,0.7180842602641783,0.7460428470106258,positive
0.6577541282815976,0.4741206329063874,0.48,0.5,0.655856012851715,0.6392515193733354,0.66,positive
0.6378279045087535,0.4222049428385398,0.48,0.5,0.48,0.7618443584314187,0.7677605775575543,positive
0.8692720956926551,0.48974254981186327,0.48,0.5,0.6216108686612634,0.76,0.79,positive
0.841231083711381,0.5380095368699156,0.48,0.5,0.5852093402619584,0.8221830319622309,0.879252022556247,positive
0.777897756568647,0.5244287340562509,0.48,0.5,0.5523237824819259,0.78,0.7558076894061556,positive
0.6304248251491933,0.4387713954921796,0.48,0.5,0.48,0.7456439945382355,0.7941457694587426,positive
0.757050741361697,0.4447190298609386,0.48,0.5,0.503039080311921,0.5982586328462365,0.6788572220776428,positive
0.8603251108041542,0.5242123049480386,0.48,0.5,0.6234263941201688,0.7992079076856342,0.8194912233939049,positive
0.7837412882604379,0.4114478576663987,0.48,0.5,0.6592704737604353,0.783053486751842,0.8214760079271869,positive
0.5891204795053159,0.3289899436917495,0.48,0.5,0.5955302386167227,0.811899044537057,0.7723374920726547,positive
0.7227649820351131,0.38062223812656193,0.48,0.5,0.57,0.7515135867601779,0.7869902409643506,positive
0.8243364693869645,0.5108585141237931,0.48,0.5,0.5900925801208518,0.7772440963964341,0.7986007155632115,positive
0.721228066599796,0.5191607045224482,0.48,0.5,0.5015168922437601,0.66,0.6966041170307973,positive
0.5651731443688152,0.3909751801824587,0.48,0.5,0.06739985745926566,0.40946162774833783,0.36827483740082106,positive
0.6593158229818639,0.46752665263928495,0.48,0.5,0.4803592473276479,0.7088838013556102,0.7536717323494057,positive
0.69,0.4032576917520843,0.48,0.5,0.5766633394797355,0.755258174369715,0.7800964761389809,positive
0.7051914601461716,0.42444181515601176,0.48,0.5,0.6185102490383448,0.7633767084498774,0.7845069304445735,positive
0.7529004264376755,0.7049879451434947,0.48,0.5,0.5335039576265347,0.6653176884807631,0.7472207046105908,positive
0.8310721750069184,0.44,0.48,0.5,0.4694315335055579,0.7181515767916948,0.6948300040004444,positive
0.7807683995164597,0.42438948338065374,0.48,0.5,0.45415384849224133,0.7591801197735403,0.68211529296106,positive
0.47150030600668785,0.45645539831186666,0.48,0.5,0.6054047615438558,0.7717757097555021,0.7776288201769485,positive
0.767385371089809,0.37,0.48,0.5,0.6120910668072774,0.7069797918414281,0.74,positive
0.63,0.5371196740052899,0.48,0.5,0.6402907103856207,0.7405611581071745,0.7865575205301946,positive
0.58,0.5712046788345283,0.48,0.5,0.5836271568547505,0.7130435869433354,0.7481025066664568,positive
0.8440336861782876,0.48564820929797514,0.48,0.5,0.6199517071093723,0.76,0.79,positive
0.5499936657012106,0.5433035294749157,1.0,0.5,0.5442700522427437,0.7899108640942624,0.7678144430349865,positive
0.6292401692970611,0.40280284545811423,0.48,0.5,0.5776548101987934,0.7817763018951165,0.7996133080550498,positive
0.8735173425477744,0.43222228574132815,0.48,0.5,0.4834735467686489,0.7261203216020863,0.7403537584957954,positive
0.6515825581887638,0.4751699456045968,0.48,0.5,0.608849615031917,0.6442610217556655,0.66,positive
0.6356404514126404,0.43987220432354146,0.48,0.5,0.48,0.742133420641696,0.7615941337455345,positive
0.8529025221546361,0.4862377457682243,0.48,0.5,0.6306533927297258,0.76,0.79,positive
0.8426261318040065,0.5449119371316733,0.48,0.5,0.589461003207101,0.8328885186300142,0.879808698594437,positive
0.8045521749900691,0.5346977684181377,0.48,0.5,0.5176891434581441,0.78,0.7557270799561637,positive
0.639932520587707,0.4385338804285116,0.48,0.5,0.48,0.7388953164521779,0.7732332854111803,positive
0.7490552647128709,0.4103033424714896,0.48,0.5,0.5040078240053908,0.6505275952735452,0.6246625568143882,positive
0.8656062658749971,0.5074841673483395,0.48,0.5,0.6179804038011721,0.7770662579149306,0.8229371375138225,positive
0.7555919686362592,0.4197519509569352,0.48,0.5,0.6537177922287017,0.7785923832998932,0.8158716290793973,positive
0.5870706343644778,0.29926626670064893,0.48,0.5,0.5967048653275928,0.7811315280266024,0.7788909946540797,positive
0.7277524432204293,0.26558193506621025,0.48,0.5,0.57,0.7549091214646697,0.7861779584291606,positive
0.8202870457181162,0.5181408019069831,0.48,0.5,0.582603213839615,0.7676519852397624,0.7951801010456109,positive
0.7221919920029993,0.4637754430449623,0.48,0.5,0.5097026735553634,0.66,0.6834205778097294,positive
0.535961383612058,0.4140416503857305,0.48,0.5,0.060008758203975596,0.29992867746406204,0.3378588880201437,positive
0.6508966572278351,0.46839902576462544,0.48,0.5,0.4853060593905636,0.7297844883076665,0.7433317961040762,positive
0.69,0.41445302094383096,0.48,0.5,0.5851479266658028,0.7450104586481138,0.7855107457101317,positive
0.7130053062816254,0.42855503595795963,0.48,0.5,0.6186124788700371,0.7475213527284236,0.7845827375973345,positive
0.7573437346949398,0.7009890035680314,0.48,0.5,0.5168676007588695,0.6668489242411466,0.7101491937968064,positive
0.8269117208410536,0.44,0.48,0.5,0.46571576490087296,0.7258849567036805,0.7119411139110406,positive
0.7868319939606765,0.4184974595822285,0.48,0.5,0.4570591193157605,0.7312201627401383,0.6931942776214176,positive
0.4711637716389809,0.4573337170727976,0.48,0.5,0.6137611439307722,0.7643482450449368,0.7982749750148677,positive
0.7610797981263215,0.37,0.48,0.5,0.6321355156521746,0.7061612743578726,0.74,positive
0.63,0.5279658820189618,0.48,0.5,0.6469702662942461,0.7395312453317422,0.7693957858498294,positive
0.58,0.5859916697545432,0.48,0.5,0.5760935535350863,0.7181239481379997,0.7458357217098214,positive
0.8322072595771284,0.48191250533372043,0.48,0.5,0.6395461328597148,0.76,0.79,positive
0.5300024512263977,0.59906661084848,1.0,0.5,0.5162721789068845,0.8103551723856276,0.7414308514345059,positive
0.6474102013875865,0.391021526401172,0.48,0.5,0.5715025290069335,0.7650077268708804,0.8047990154329311,positive
0.8635218890528283,0.42625205464922955,0.48,0.5,0.5032796166297512,0.711769148147094,0.7426850750588183,positive
0.6410745707338853,0.4945714133533161,0.48,0.5,0.6149114479500042,0.6218758214085959,0.66,positive
0.6395812088592284,0.45998087693491796,0.48,0.5,0.48,0.7322182692186758,0.7953638340770531,positive
0.8305644626409694,0.4839400538251927,0.48,0.5,0.6353469254163039,0.76,0.79,positive
0.8586407869654554,0.5376121505359336,0.48,0.5,0.6216258937578178,0.8221219210141507,0.8348111533127205,positive
0.8058166828610248,0.5210273109993993,0.48,0.5,0.5128080268319468,0.78,0.7767904189168137,positive
0.6326798634196886,0.4434714744144045,0.48,0.5,0.48,0.7383981393244721,0.7621560652661383,positive
0.7378263673597858,0.4258515886912172,0.48,0.5,0.5080159676304669,0.6540221742005213,0.6386803320946941,positive
0.8663484106444713,0.5050158320109044,0.48,0.5,0.6144377485124696,0.7914432838425048,0.7927402103285524,positive
0.7476640302330321,0.41693199017399063,0.48,0.5,0.6508202460637721,0.7988736555269307,0.8162990516350396,positive
0.580515219547324,0.33528084685115467,0.48,0.5,0.5681865285978737,0.8352967267662166,0.7873389225887483,positive
0.7152638576644256,0.3140783493622152,0.48,0.5,0.57,0.7595385914229476,0.7823713554865798,positive
0.8584180924568722,0.5173751637086255,0.48,0.5,0.5885793406518841,0.7706351023244536,0.7944486522716486,positive
0.7788352608962354,0.4647031317781172,0.48,0.5,0.5025631497587078,0.66,0.6958548397245674,positive
0.5314426120682686,0.3872607347955044,0.48,0.5,0.066056554395317,0.38016330122450526,0.38389478477190947,positive
0.6479535281929054,0.4777068260193298,0.48,0.5,0.49408292237916535,0.7168581141796216,0.752590694322677,positive
0.69,0.41392735385154844,0.48,0.5,0.5863690783181698,0.7433488611399466,0.7824107288646059,positive
0.7064367213789451,0.4233814089765675,0.48,0.5,0.5971219005921451,0.7693747518482927,0.77059617412052,positive
0.7584134576525691,0.7090088169578019,0.48,0.5,0.6422097591060537,0.6636966992469507,0.7304043151555868,positive
0.8052022017537886,0.44,0.48,0.5,0.4765741428556025,0.7135295774904327,0.7213386792359938,positive
0.7802797081995212,0.37836306649976714,0.48,0.5,0.45159463318738996,0.7518215011015045,0.6919964257619723,positive
0.47502136639215153,0.453100761904379,0.48,0.5,0.6155823763748081,0.7495186096535962,0.7715677628680558,positive
0.8151628600637322,0.37,0.48,0.5,0.6339510206141896,0.7046433644993455,0.74,positive
0.63,0.5291565676986996,0.48,0.5,0.6452616249980627,0.7541473862981012,0.7925205281731785,positive
0.58,0.5962560541052528,0.48,0.5,0.5713481891929065,0.7012679328188512,0.7567106175090164,positive
0.8667154513267097,0.4898105645804569,0.48,0.5,0.6378149340054516,0.76,0.79,positive
0.5808863153460861,0.5681659989806435,1.0,0.5,0.5121380423523347,0.7206645111622041,0.8088968044817032,positive
0.6677759859682565,0.4126346333201266,0.48,0.5,0.5728269386579531,0.7637262257411075,0.8007152887083425,positive
0.871988627559731,0.4219582587351014,0.48,0.5,0.491623766082365,0.7222528762220191,0.7499696700433964,positive
0.6521678044898297,0.5000459528449028,0.48,0.5,0.6694477946688863,0.6438140925735968,0.66,positive
0.6371509227422653,0.45673439773494795,0.48,0.5,0.48,0.7652712788379353,0.7671973696797927,positive
0.8425671653305903,0.4848238313939245,0.48,0.5,0.6120122961519812,0.76,0.79,positive
0.813690459332941,0.5310609785539667,0.48,0.5,0.6068344616693948,0.8528657949066564,0.835199887423953,positive
0.7998127422757053,0.5209591437624976,0.48,0.5,0.5424017352141334,0.78,0.7474985968360741,positive
0.6301538778255388,0.4490097975647622,0.48,0.5,0.48,0.7620102089685247,0.7780584854397332,positive
0.7474466441126675,0.43653329436784405,0.48,0.5,0.5029452553856938,0.6011096941049293,0.646455935906975,positive
0.8681294740731457,0.5213496532754823,0.48,0.5,0.610781756162103,0.7859440234231277,0.8285878098483102,positive
0.7217574526242795,0.41034461539147393,0.48,0.5,0.6580255476095257,0.7802633030047589,0.8119003331167458,positive
0.5861887947443738,0.3193383789629245,0.48,0.5,0.582678951045749,0.7900035491089133,0.7831836514709897,positive
0.7006942287387642,0.35895458729573215,0.48,0.5,0.57,0.7521936561068777,0.7819053518728185,positive
0.8113076735789256,0.5161063288117019,0.48,0.5,0.6047116237887038,0.7677590738015398,0.7960404686492626,positive
0.7284137469918237,0.4973292368540678,0.48,0.5,0.5034687463515816,0.66,0.6813908520428718,positive
0.5545842736249865,0.41864400598554263,0.48,0.5,0.11532055148714522,0.45584899772701326,0.3818020013481505,positive
0.6426096728832037,0.4757515366681664,0.48,0.5,0.48333171996378355,0.7269871111296856,0.7556947290728624,positive
0.69,0.40287329255785953,0.48,0.5,0.5812973347750504,0.7519083638973538,0.7811466808104521,positive
0.6992664737660543,0.4210675366834651,0.48,0.5,0.6095907261970253,0.740071497025226,0.7852153445721796,positive
0.7481274517320872,0.70877792888334,0.48,0.5,0.5250690306584973,0.6726029135112723,0.7457717805372183,positive
0.7949881056354494,0.44,0.48,0.5,0.4753149479574621,0.7152512964741826,0.726369895159507,positive
0.7885076652006283,0.41113204242153156,0.48,0.5,0.45822586262505555,0.7887650008152964,0.6845100590925414,positive
0.4725019843854674,0.45169053436341455,0.48,0.5,0.606538648915337,0.7414232745971132,0.7724663991616044,positive
0.8093484689230972,0.37,0.48,0.5,0.6253605975842518,0.7070417136168019,0.74,positive
0.63,0.5378808789313253,0.48,0.5,0.6462800200948845,0.7575326721438133,0.7766270773888247,positive
0.58,0.5717018570720434,0.48,0.5,0.5759269422077796,0.7074622628342788,0.7540111237080213,positive
0.8388247094020286,0.4896773894139379,0.48,0.5,0.6341931255520151,0.76,0.79,positive
0.6958757206999239,0.5611206405818155,1.0,0.5,0.5581615043640293,0.734609897105952,0.744696692188004,positive
0.6622758150863818,0.40593408954588783,0.48,0.5,0.570197596912891,0.7893590341895859,0.7966286284842949,positive
0.8732948370979928,0.42974045996423493,0.48,0.5,0.4940766837628372,0.7123893896448523,0.7404758286780712,positive
0.6510013886377665,0.5272225017775971,0.48,0.5,0.6350960810365079,0.6249262189111889,0.66,positive
0.6339808707420526,0.4357999808610361,0.48,0.5,0.48,0.7646367900443434,0.7635132924791941,positive
0.8439536129541423,0.4822138009679354,0.48,0.5,0.6388430439007158,0.76,0.79,positive
0.8304848138829786,0.5418883771660864,0.48,0.5,0.621048679057385,0.8420813455780893,0.8328405032915811,positive
0.7772913607241978,0.5287277455604543,0.48,0.5,0.5209830594177745,0.78,0.7718117154852003,positive
0.6320294157782677,0.45282163242345297,0.48,0.5,0.48,0.7349563694937709,0.7713956186049964,positive
0.7395058603776752,0.4167524887702462,0.48,0.5,0.501764749082775,0.6080826108697666,0.6540819322075082,positive
0.8611178771994646,0.5390569306520316,0.48,0.5,0.6142302959617478,0.7793152266614917,0.7923058214200714,positive
0.788674021280014,0.4102294999481403,0.48,0.5,0.6569470208530821,0.7845434344311877,0.8257431567127697,positive
0.5828321069806667,0.3012959380761441,0.48,0.5,0.5813474707601486,0.8055793912387915,0.7768398187003833,positive
0.7297191686904423,0.30512791561857316,0.48,0.5,0.57,0.7548793310162,0.7847086555302025,positive
0.8636666479404863,0.49492670108603687,0.48,0.5,0.5801982042347185,0.7643766803847533,0.7959738881854224,positive
0.7807886441494363,0.5063968299183064,0.48,0.5,0.5049934182938914,0.66,0.6801005311237122,positive
0.5416519983343698,0.41653400209600944,0.48,0.5,0.1419424612702342,0.47044315414225946,0.3367707455422372,positive
0.6435153518077207,0.4673517763175643,0.48,0.5,0.5387407306130012,0.7127232756517223,0.7461285583490562,positive
0.69,0.3952579464789,0.48,0.5,0.584161216944897,0.7598063238474807,0.772601160506431,positive
0.7132934053322065,0.42103758709336625,0.48,0.5,0.6211351458367933,0.7547496688154052,0.7839696055259576,positive
0.742789385372136,0.7008718753937723,0.48,0.5,0.53187328800183,0.6503330393528818,0.6968642216033204,positive
0.7865726964719888,0.44,0.48,0.5,0.46208067905564537,0.7297501965814849,0.7192493732479904,positive
0.7845265748333906,0.36097923956016975,0.48,0.5,0.4563031284789391,0.7929479473678704,0.6978904148469721,positive
0.47341846914887464,0.4578122058332471,0.48,0.5,0.6154165310027754,0.7638997914671104,0.7959643931953501,positive
0.7956604191762501,0.37,0.48,0.5,0.6264131026931212,0.7073528094908449,0.74,positive
0.63,0.5202358541848828,0.48,0.5,0.6497045661740384,0.7420087649204195,0.7882605595293993,positive
0.58,0.5822785822970682,0.48,0.5,0.5736471084119278,0.7141615028132875,0.748887305569152,positive
0.8635638455372362,0.4835200795842045,0.48,0.5,0.6308719182465932,0.76,0.79,positive
0.6103290147222404,0.5828596342256096,1.0,0.5,0.5435421211807325,0.7498839597372289,0.7516111914645118,positive
0.6354428530385808,0.40121213086364915,0.48,0.5,0.5715010399760811,0.7625761354789046,0.7964148341878914,positive
0.8548230164671148,0.43054456330224133,0.48,0.5,0.49979533165986073,0.7257056029359914,0.7472545125203363,positive
0.6517089152850067,0.47268489329090757,0.48,0.5,0.6330529979256424,0.6172865886027927,0.66,positive
0.632104345755589,0.44833205366307105,0.48,0.5,0.48,0.7510576736548699,0.7978100816920846,positive
0.8539145844912926,0.4879041897197166,0.48,0.5,0.615241358647247,0.76,0.79,positive
0.8151351982923167,0.5329151735519726,0.48,0.5,0.6163159586084088,0.819048274046485,0.8702600332969317,positive
0.787219031406826,0.520367710312026,0.48,0.5,0.5643601856607804,0.78,0.7597154989030076,positive
0.6303976730545576,0.45080348618682264,0.48,0.5,0.48,0.752601995773623,0.7971441747978386,positive
0.7325150175795094,0.4220520049289921,0.48,0.5,0.5098648137792954,0.6006370250562367,0.6456199427598345,positive
0.864594017631601,0.520202755396993,0.48,0.5,0.6178178120227744,0.7932285662379945,0.8216477141466926,positive
0.7259419406220624,0.41884021131663574,0.48,0.5,0.657279616332246,0.7836388276742525,0.8111099002665598,positive
0.5879206066640776,0.2910922690352897,0.48,0.5,0.6101471525881881,0.8253904251871463,0.8048452620545268,positive
0.727708961233177,0.36204094001716913,0.48,0.5,0.57,0.7573823469782947,0.7889814967567632,positive
0.8644675777940131,0.5057087850704014,0.48,0.5,0.5735806363672731,0.7657411401852302,0.7975987539791514,positive
0.7736510849075989,0.5129597133962531,0.48,0.5,0.5024986341688945,0.66,0.6914992288286081,positive
0.5591236691396523,0.3936276601396089,0.48,0.5,0.06401822215731308,0.2913098763239257,0.37057837046078973,positive
0.6455548794544377,0.4710815804185252,0.48,0.5,0.48104073391388946,0.7024928490449986,0.7409706681714294,positive
0.69,0.3987994928741988,0.48,0.5,0.5890292567732136,0.7425291931615225,0.7812944978994886,positive
0.7066449797567499,0.424124152174423,0.48,0.5,0.6199314275497959,0.7660957542428887,0.7733940960425657,positive
0.746445770380048,0.7032053277706191,0.48,0.5,0.5872834378606298,0.6845159715767136,0.7353047833087999,positive
0.8073969155405254,0.44,0.48,0.5,0.46335001027074896,0.72512386640258,0.7391255485827822,positive
0.789940247849738,0.38715549796656157,0.48,0.5,0.4598526178843488,0.8158938044488495,0.6923541774280819,positive
0.47936409840355876,0.45131925736251854,0.48,0.5,0.6069510015369904,0.7557602295557607,0.7823727527719424,positive
0.804604251312652,0.37,0.48,0.5,0.6305062739324198,0.7046473357898172,0.74,positive
0.63,0.5323690009248211,0.48,0.5,0.6411122434060046,0.7545744108664132,0.7757045751563814,positive
0.58,0.5994019099088953,0.48,0.5,0.5821894343882632,0.707957979388412,0.747249893606343,positive
0.835309965258176,0.4841486896573637,0.48,0.5,0.6284627805920965,0.76,0.79,positive
0.5004335832396962,0.5655933594585427,1.0,0.5,0.5180902182650935,0.7132279147135474,0.7637446006329971,positive
0.6779305268358536,0.4071187289966028,0.48,0.5,0.5791067980917772,0.7755851762926667,0.8092035357711452,positive
0.8488749440340077,0.43037453206427,0.48,0.5,0.4846870070911872,0.7105507420667803,0.7490866255026245,positive
0.6492114055988591,0.46701872712274173,0.48,0.5,0.6144026279440321,0.6167853970894226,0.66,positive
0.6307281411521084,0.4549956935858426,0.48,0.5,0.48,0.7599018896479642,0.7794552036147815,positive
0.8552027185071767,0.48677787144428375,0.48,0.5,0.6311540140932174,0.76,0.79,positive
0.854762062044435,0.5426647867298007,0.48,0.5,0.5810230469805222,0.8687046249109156,0.847883268020236,positive
0.7923636695251771,0.5313211740058181,0.48,0.5,0.5161406003097778,0.78,0.7927876939348277,positive
0.6314947047615374,0.4230521533742434,0.48,0.5,0.48,0.7532264350031254,0.796013440287841,positive
0.7513204118784949,0.4535177727125649,0.48,0.5,0.5048911015115447,0.6468512079544694,0.660522519735438,positive
0.8639717545235945,0.5128108488194184,0.48,0.5,0.6119773547916384,0.7675638352822736,0.7940835994084176,positive
0.7380404384739715,0.4120750681354933,0.48,0.5,0.6582159273468045,0.7943434908595138,0.817786691408251,positive
0.5818929625532979,0.3137770881800844,0.48,0.5,0.6361509241585355,0.7641619319990999,0.7810719560266268,positive
0.6991426233937343,0.26861277437506415,0.48,0.5,0.57,0.752339509634213,0.7883733632871522,positive
0.8340736366333954,0.4923376025551268,0.48,0.5,0.5995798255326655,0.7681193878954293,0.7900436799322371,positive
0.7402467378927972,0.4613355430776389,0.48,0.5,0.5002173608287195,0.66,0.6864012016030222,positive
0.5506034783198019,0.3809997566092924,0.48,0.5,0.08818786752434797,0.4458527795303059,0.3634057779124812,positive
0.6545536567781131,0.4635086823970074,0.48,0.5,0.4970010961051236,0.7183015912901715,0.7502488379048492,positive
0.69,0.425943741379872,0.48,0.5,0.5713920300190536,0.7458192376121145,0.7834902636209217,positive
0.7045878279439242,0.4291991076369359,0.48,0.5,0.5957120042465897,0.7603895723089528,0.7841742701529116,positive
0.7493429935069366,0.7050262316680618,0.48,0.5,0.6215371788540109,0.6894838622316569,0.6969107189484262,positive
0.8329182935572335,0.44,0.48,0.5,0.478939743199073,0.7187306837525301,0.7051470853282436,positive
0.7854241126588846,0.362034519741686,0.48,0.5,0.45086739800501024,0.7447619883836705,0.6880740105741369,positive
0.4776090673896438,0.4530786208077816,0.48,0.5,0.6196574803213184,0.7660646131293591,0.7701031844663223,positive
0.751339131201475,0.37,0.48,0.5,0.6180097833927394,0.7012635311181112,0.74,positive
