49.0,29.0,48.0,56.0,24.0,35.0,negative
7.0,4.0,48.0,54.0,35.0,44.0,negative
59.0,49.0,48.0,52.0,45.0,36.0,negative
23.0,32.0,48.0,55.0,25.0,35.0,negative
67.0,39.0,48.0,36.0,38.0,46.0,negative
29.0,28.0,48.0,44.0,23.0,34.0,negative
2.0,44.0,48.0,46.0,51.0,57.0,negative
42.0,4.0,48.0,56.0,18.0,3.0,negative
25.0,48.0,48.0,44.0,17.0,29.0,negative
39.0,32.0,48.0,46.0,24.0,35.0,negative
51.0,5.0,48.0,46.0,32.0,35.0,negative
25.0,4.0,48.0,46.0,44.0,52.0,negative
34.0,45.0,48.0,38.0,24.0,35.0,negative
44.0,27.0,48.0,55.0,52.0,58.0,negative
23.0,4.0,48.0,39.0,28.0,38.0,negative
41.0,57.0,48.0,39.0,21.0,32.0,negative
4.0,45.0,48.0,38.0,22.0,0.0,negative
31.0,23.0,48.0,73.0,5.0,14.0,negative
51.0,54.0,48.0,41.0,34.0,43.0,negative
3.0,16.0,48.0,56.0,11.0,23.0,negative
36.0,39.0,48.0,48.0,22.0,23.0,negative
29.0,37.0,48.0,48.0,44.0,52.0,negative
25.0,4.0,48.0,47.0,33.0,42.0,negative
21.0,51.0,48.0,5.0,32.0,41.0,negative
43.0,37.0,48.0,53.0,35.0,44.0,negative
43.0,39.0,48.0,47.0,31.0,41.0,negative
34.0,33.0,48.0,38.0,35.0,44.0,negative
24.0,35.0,48.0,31.0,19.0,31.0,negative
36.0,54.0,48.0,41.0,38.0,46.0,negative
29.0,52.0,48.0,42.0,29.0,39.0,negative
32.0,42.0,48.0,35.0,28.0,38.0,negative
38.0,46.0,48.0,48.0,22.0,29.0,negative
4.0,5.0,48.0,45.0,39.0,47.0,negative
28.0,38.0,48.0,5.0,33.0,42.0,negative
17.0,38.0,48.0,45.0,42.0,5.0,negative
42.0,35.0,48.0,58.0,15.0,27.0,negative
23.0,33.0,48.0,43.0,33.0,43.0,negative
29.0,3.0,48.0,45.0,3.0,17.0,negative
22.0,36.0,48.0,35.0,39.0,47.0,negative
23.0,58.0,48.0,37.0,53.0,59.0,negative
47.0,47.0,48.0,22.0,16.0,26.0,negative
4.0,35.0,48.0,45.0,33.0,42.0,negative
42.0,38.0,48.0,54.0,34.0,43.0,negative
44.0,56.0,48.0,5.0,46.0,54.0,negative
36.0,41.0,48.0,48.0,47.0,54.0,negative
47.0,29.0,48.0,51.0,33.0,43.0,negative
24.0,43.0,48.0,54.0,52.0,59.0,negative
25.0,37.0,48.0,41.0,33.0,42.0,negative
52.0,57.0,48.0,42.0,47.0,54.0,negative
25.0,37.0,48.0,43.0,26.0,36.0,negative
35.0,48.0,48.0,56.0,4.0,48.0,negative
26.0,26.0,48.0,34.0,25.0,35.0,negative
44.0,51.0,48.0,47.0,26.0,36.0,negative
44.0,42.0,48.0,42.0,25.0,2.0,negative
24.0,43.0,48.0,37.0,28.0,38.0,negative
48.0,42.0,48.0,45.0,25.0,35.0,negative
41.0,48.0,48.0,51.0,44.0,51.0,negative
34.0,28.0,48.0,41.0,35.0,44.0,negative
41.0,43.0,48.0,45.0,31.0,41.0,negative
29.0,47.0,48.0,41.0,23.0,34.0,negative
34.0,55.0,48.0,58.0,31.0,41.0,negative
4.0,46.0,48.0,52.0,49.0,56.0,negative
5.0,49.0,48.0,49.0,46.0,53.0,negative
52.0,44.0,48.0,37.0,36.0,42.0,negative
5.0,51.0,48.0,27.0,23.0,34.0,negative
53.0,42.0,48.0,16.0,29.0,39.0,negative
34.0,46.0,48.0,52.0,35.0,44.0,negative
41.0,43.0,48.0,5.0,24.0,25.0,negative
64.0,76.0,48.0,45.0,35.0,38.0,negative
35.0,37.0,48.0,3.0,34.0,43.0,negative
57.0,54.0,48.0,37.0,28.0,33.0,negative
65.0,55.0,48.0,34.0,37.0,28.0,negative
38.0,4.0,48.0,63.0,25.0,35.0,negative
24.0,57.0,48.0,63.0,34.0,43.0,negative
38.0,26.0,48.0,54.0,16.0,28.0,negative
33.0,47.0,48.0,53.0,18.0,29.0,negative
24.0,34.0,48.0,38.0,3.0,4.0,negative
26.0,5.0,48.0,44.0,32.0,41.0,negative
44.0,49.0,48.0,39.0,38.0,4.0,negative
43.0,32.0,48.0,33.0,45.0,52.0,negative
47.0,28.0,48.0,56.0,2.0,25.0,negative
34.0,35.0,48.0,51.0,49.0,56.0,negative
35.0,34.0,48.0,46.0,3.0,27.0,negative
38.0,3.0,48.0,43.0,29.0,39.0,negative
41.0,51.0,48.0,58.0,2.0,31.0,negative
34.0,42.0,48.0,41.0,34.0,43.0,negative
51.0,49.0,48.0,53.0,14.0,26.0,negative
25.0,51.0,48.0,37.0,42.0,5.0,negative
29.0,28.0,48.0,5.0,42.0,5.0,negative
17.0,39.0,48.0,53.0,3.0,39.0,negative
61.0,36.0,48.0,49.0,35.0,44.0,negative
34.0,51.0,48.0,44.0,37.0,46.0,negative
28.0,33.0,48.0,45.0,22.0,33.0,negative
4.0,46.0,48.0,42.0,35.0,44.0,negative
37.0,44.0,48.0,42.0,39.0,47.0,negative
0.0,38.0,48.0,42.0,48.0,55.0,negative
39.0,31.0,48.0,38.0,34.0,43.0,negative
3.0,44.0,48.0,49.0,22.0,33.0,negative
27.0,3.0,48.0,71.0,28.0,39.0,negative
36.0,42.0,48.0,53.0,32.0,41.0,negative
3.0,37.0,48.0,43.0,18.0,3.0,negative
26.0,4.0,48.0,36.0,26.0,37.0,negative
22.0,34.0,48.0,42.0,29.0,39.0,negative
44.0,35.0,48.0,44.0,52.0,59.0,negative
27.0,42.0,48.0,37.0,38.0,43.0,negative
16.0,43.0,48.0,54.0,27.0,37.0,negative
6.0,61.0,48.0,49.0,92.0,37.0,negative
63.0,47.0,48.0,51.0,82.0,84.0,negative
23.0,48.0,48.0,59.0,88.0,89.0,negative
34.0,49.0,48.0,58.0,85.0,8.0,negative
43.0,4.0,48.0,58.0,75.0,78.0,negative
46.0,61.0,48.0,48.0,86.0,87.0,negative
52.0,39.0,48.0,65.0,71.0,73.0,negative
55.0,47.0,48.0,57.0,78.0,8.0,negative
12.0,67.0,48.0,74.0,58.0,63.0,negative
4.0,5.0,48.0,65.0,82.0,84.0,negative
84.0,44.0,48.0,48.0,71.0,74.0,negative
48.0,45.0,48.0,6.0,78.0,8.0,negative
54.0,49.0,48.0,4.0,87.0,88.0,negative
48.0,41.0,48.0,51.0,9.0,88.0,negative
5.0,66.0,48.0,31.0,92.0,92.0,negative
72.0,46.0,48.0,51.0,66.0,7.0,negative
47.0,55.0,48.0,58.0,71.0,75.0,negative
33.0,56.0,48.0,33.0,78.0,8.0,negative
64.0,58.0,48.0,48.0,78.0,73.0,negative
54.0,57.0,48.0,56.0,81.0,83.0,negative
47.0,59.0,48.0,52.0,76.0,79.0,negative
31.0,5.0,48.0,57.0,84.0,85.0,negative
74.0,44.0,48.0,55.0,88.0,89.0,negative
33.0,45.0,48.0,45.0,88.0,89.0,negative
45.0,4.0,48.0,61.0,74.0,77.0,negative
71.0,4.0,48.0,71.0,7.0,74.0,negative
5.0,37.0,48.0,66.0,64.0,69.0,negative
66.0,53.0,48.0,59.0,66.0,66.0,negative
6.0,61.0,48.0,54.0,67.0,71.0,negative
83.0,37.0,48.0,61.0,71.0,74.0,negative
34.0,51.0,48.0,67.0,9.0,9.0,negative
63.0,54.0,48.0,65.0,79.0,81.0,negative
7.0,4.0,48.0,56.0,86.0,83.0,negative
6.0,5.0,1.0,54.0,77.0,8.0,negative
2.0,46.0,48.0,57.0,78.0,81.0,negative
89.0,55.0,48.0,51.0,72.0,76.0,negative
12.0,43.0,48.0,63.0,7.0,74.0,negative
61.0,52.0,48.0,54.0,67.0,52.0,negative
63.0,65.0,48.0,66.0,67.0,71.0,negative
34.0,67.0,48.0,52.0,76.0,79.0,negative
58.0,34.0,48.0,56.0,87.0,81.0,negative
59.0,56.0,48.0,55.0,8.0,82.0,negative
51.0,4.0,48.0,57.0,62.0,67.0,negative
6.0,46.0,48.0,45.0,81.0,83.0,negative
37.0,47.0,48.0,39.0,76.0,79.0,negative
58.0,55.0,48.0,57.0,7.0,74.0,negative
36.0,47.0,48.0,51.0,69.0,72.0,negative
35.0,51.0,48.0,61.0,71.0,74.0,negative
31.0,44.0,48.0,5.0,79.0,82.0,negative
61.0,66.0,48.0,46.0,87.0,88.0,negative
48.0,49.0,48.0,52.0,77.0,71.0,negative
11.0,5.0,48.0,58.0,72.0,68.0,negative
31.0,36.0,48.0,58.0,94.0,94.0,negative
68.0,51.0,48.0,71.0,75.0,78.0,negative
69.0,39.0,48.0,57.0,76.0,79.0,negative
52.0,54.0,48.0,62.0,76.0,79.0,negative
46.0,59.0,48.0,36.0,76.0,23.0,negative
36.0,45.0,48.0,38.0,79.0,17.0,negative
0.0,51.0,48.0,35.0,67.0,44.0,negative
1.0,49.0,48.0,41.0,67.0,21.0,negative
3.0,51.0,48.0,42.0,61.0,34.0,negative
61.0,47.0,48.0,0.0,8.0,32.0,negative
63.0,75.0,48.0,64.0,73.0,66.0,negative
71.0,52.0,48.0,64.0,1.0,99.0,negative
72.0,42.0,48.0,65.0,77.0,79.0,negative
79.0,41.0,48.0,66.0,81.0,83.0,negative
83.0,48.0,48.0,65.0,76.0,79.0,negative
69.0,43.0,48.0,59.0,74.0,77.0,negative
79.0,36.0,48.0,46.0,82.0,7.0,negative
78.0,33.0,48.0,57.0,77.0,79.0,negative
59.0,29.0,48.0,64.0,75.0,77.0,negative
67.0,37.0,48.0,54.0,64.0,68.0,negative
66.0,48.0,48.0,54.0,7.0,74.0,negative
76.0,71.0,48.0,5.0,71.0,75.0,negative
84.0,49.0,48.0,55.0,78.0,74.0,negative
77.0,55.0,48.0,51.0,78.0,74.0,negative
81.0,44.0,48.0,42.0,67.0,68.0,negative
58.0,6.0,48.0,59.0,73.0,76.0,negative
63.0,42.0,48.0,48.0,77.0,8.0,negative
62.0,42.0,48.0,58.0,79.0,81.0,negative
86.0,39.0,48.0,59.0,89.0,9.0,negative
81.0,53.0,48.0,57.0,87.0,88.0,negative
87.0,49.0,48.0,61.0,76.0,79.0,negative
47.0,46.0,48.0,62.0,74.0,77.0,negative
76.0,41.0,48.0,5.0,59.0,62.0,negative
7.0,53.0,48.0,7.0,86.0,87.0,negative
64.0,45.0,48.0,67.0,61.0,66.0,negative
81.0,52.0,48.0,57.0,78.0,8.0,negative
73.0,26.0,48.0,57.0,75.0,78.0,negative
49.0,61.0,1.0,56.0,71.0,74.0,negative
84.0,54.0,48.0,75.0,92.0,7.0,negative
63.0,51.0,48.0,64.0,72.0,76.0,negative
86.0,55.0,48.0,63.0,81.0,83.0,negative
79.0,54.0,48.0,5.0,66.0,68.0,negative
57.0,38.0,48.0,6.0,49.0,33.0,negative
78.0,44.0,48.0,45.0,73.0,68.0,negative
74.0,49.0,48.0,42.0,54.0,36.0,negative
7.0,61.0,48.0,56.0,52.0,43.0,negative
66.0,86.0,48.0,34.0,41.0,36.0,negative
73.0,78.0,48.0,58.0,51.0,31.0,negative
72.0,86.0,48.0,17.0,55.0,21.0,negative
67.0,7.0,48.0,46.0,45.0,33.0,negative
67.0,81.0,48.0,54.0,49.0,23.0,negative
67.0,61.0,48.0,51.0,37.0,38.0,negative
63.0,1.0,48.0,35.0,51.0,49.0,negative
57.0,59.0,48.0,39.0,47.0,33.0,negative
71.0,71.0,48.0,4.0,54.0,39.0,negative
66.0,74.0,48.0,31.0,38.0,43.0,negative
64.0,72.0,48.0,49.0,42.0,19.0,negative
68.0,82.0,48.0,38.0,65.0,56.0,negative
32.0,39.0,48.0,53.0,28.0,38.0,negative
7.0,64.0,48.0,47.0,51.0,47.0,negative
63.0,57.0,48.0,49.0,7.0,2.0,negative
74.0,82.0,48.0,49.0,49.0,41.0,negative
63.0,83.0,48.0,4.0,39.0,19.0,negative
63.0,71.0,48.0,6.0,4.0,39.0,negative
71.0,86.0,48.0,4.0,54.0,32.0,negative
68.0,78.0,48.0,43.0,44.0,42.0,negative
64.0,84.0,48.0,37.0,45.0,4.0,negative
74.0,47.0,48.0,5.0,57.0,42.0,negative
75.0,84.0,48.0,35.0,52.0,33.0,negative
63.0,65.0,48.0,39.0,44.0,35.0,negative
69.0,67.0,48.0,3.0,39.0,24.0,negative
7.0,71.0,48.0,42.0,84.0,85.0,negative
64.0,66.0,48.0,41.0,39.0,2.0,negative
63.0,8.0,48.0,46.0,31.0,29.0,negative
66.0,71.0,48.0,41.0,5.0,35.0,negative
69.0,59.0,48.0,46.0,44.0,52.0,negative
68.0,67.0,48.0,49.0,4.0,34.0,negative
64.0,78.0,48.0,5.0,36.0,38.0,negative
62.0,78.0,48.0,47.0,49.0,54.0,negative
76.0,73.0,48.0,44.0,39.0,39.0,negative
29.0,39.0,48.0,52.0,4.0,48.0,negative
62.0,83.0,48.0,46.0,36.0,4.0,negative
69.0,66.0,48.0,41.0,5.0,25.0,negative
74.0,56.0,48.0,47.0,68.0,3.0,negative
71.0,57.0,48.0,48.0,35.0,32.0,negative
61.0,6.0,48.0,44.0,39.0,38.0,negative
59.0,61.0,48.0,42.0,42.0,37.0,negative
78.0,68.0,48.0,83.0,4.0,29.0,positive
63.0,69.0,48.0,65.0,41.0,28.0,positive
67.0,88.0,48.0,73.0,5.0,25.0,positive
61.0,75.0,48.0,51.0,33.0,33.0,positive
67.0,84.0,48.0,74.0,54.0,37.0,positive
74.0,9.0,48.0,57.0,53.0,29.0,positive
75.0,76.0,48.0,83.0,57.0,3.0,positive
77.0,57.0,48.0,88.0,53.0,2.0,positive
68.0,76.0,48.0,84.0,45.0,27.0,positive
65.0,51.0,48.0,66.0,54.0,33.0,positive
52.0,81.0,48.0,72.0,38.0,38.0,positive
6.0,76.0,1.0,77.0,59.0,52.0,positive
69.0,59.0,48.0,77.0,39.0,21.0,positive
71.0,71.0,48.0,68.0,43.0,36.0,positive
68.0,63.0,48.0,73.0,4.0,3.0,positive
77.0,57.0,1.0,37.0,54.0,1.0,positive
66.0,49.0,1.0,54.0,56.0,36.0,positive
71.0,46.0,1.0,52.0,59.0,3.0,positive
67.0,55.0,1.0,66.0,58.0,16.0,positive
68.0,49.0,1.0,62.0,55.0,28.0,positive
76.50653232907814,58.10618810605288,48.0,81.17671804871573,44.751664088208415,3.6496247184862396,positive
75.277410274753,66.40558512483352,48.0,79.16341594273321,4.0,28.658048578038198,positive
70.77969206731265,67.85169867931118,48.0,79.12067359538828,4.0,33.99727427766381,positive
59.174404900450654,78.01476010562705,48.0,81.02022206516762,42.806327258991985,34.51486110104533,positive
60.71109663557568,66.332672711275,1.0,65.16521399481329,55.78418194345998,32.67518520503713,positive
68.69609615275634,56.282311904138076,1.0,65.85957758645814,56.02244769399116,9.830892069430218,positive
66.38826286418204,48.763637147076516,1.0,52.3177002653774,58.94534370457264,30.643044877360722,positive
70.05053451960616,59.614034158087,48.0,80.37002483759835,51.641853134370464,14.25818469146251,positive
66.1376156552833,54.67618218490806,1.0,62.760051248366665,57.82271391625677,33.57295061795691,positive
67.85709680193555,70.24445736942603,48.0,67.71673485810969,41.62020473702718,32.98343192792101,positive
59.31184803095389,49.903707360964376,48.0,62.09044385614885,46.807571312428884,33.951105064360256,positive
63.3666983428156,85.63993113819062,48.0,72.19011548510065,25.83588355552034,34.16948951533162,positive
71.722724763567,55.20233612314,1.0,37.091301455384794,54.83466976520377,7.586194943097729,positive
63.97781629913012,75.3233974674617,48.0,50.362799820149654,34.65405336273455,33.3712697436222,positive
67.01540353458884,80.22825451499568,48.0,77.51956843036837,53.69555894860814,34.116514317138424,positive
67.40608728753249,81.30772794088774,48.0,71.32099412469427,47.37057759851052,36.62839587072191,positive
72.72780557914056,1.029098939707211,48.0,39.4597375131102,52.55353258987196,41.98332151653845,positive
66.1398490048094,51.84486896050612,48.0,74.59816304727528,52.73203896578206,31.761237271213133,positive
70.35144095836631,46.16217700514574,1.0,57.0236942563596,56.17070486867687,11.780310906563788,positive
71.22679940095165,78.2710480976723,48.0,66.24630213523643,52.146577711546136,33.87423916593665,positive
69.36544544330967,69.72435824875788,48.0,85.16510574110211,47.71966665754355,24.482668981484842,positive
67.29492468230558,82.49307945669854,48.0,73.0,4.701084229218914,14.63887963641833,positive
74.03617756190654,67.10460714155568,48.0,64.71621190509462,4.0,29.6123162200774,positive
55.5978724382653,83.25071645850375,48.0,72.59373798093445,42.81625665271525,37.873141204962415,positive
49.96778567299105,69.5747960731963,1.0,76.111970738163,58.88091040122779,25.51724125599962,positive
67.92400734805024,46.49963757673408,1.0,58.12201192527503,58.998993708281496,11.665359999898874,positive
67.16057326180594,54.18245274473667,1.0,58.775384896394385,58.11570231193325,11.019807399058841,positive
76.63590516023882,57.272373288849,48.0,85.74130357624009,55.58359134476133,2.3133173893186885,positive
68.56632070960839,46.48642482825393,1.0,53.342399423700805,58.70588738606732,3.060221655728256,positive
65.96800916120208,69.9025072178124,48.0,67.66542319576988,41.70330872438193,31.68678308528275,positive
63.659122189472434,68.01082924766892,48.0,65.46189821447786,48.42093581074714,29.189124169423714,positive
70.57069759272204,78.64399265429752,48.0,78.02994085514158,4.231763567144464,26.80819855528706,positive
74.44348364501687,46.32796950829046,1.0,50.79482392420946,58.30908168599515,1.2674440335495762,positive
61.16414273876949,74.53195953820874,48.0,50.80562864922558,37.51054327417808,27.36207782863323,positive
67.18480873745348,80.22469313626644,48.0,83.11936437794253,45.70196965308194,27.32083553255598,positive
70.82959114139214,70.98488079398454,48.0,67.21265118531556,41.983331513601094,28.371890923940565,positive
69.24113771002455,8.053720452446557,48.0,51.33193781131245,50.4173961420759,29.0,positive
68.05133382154203,75.3769251892577,48.0,82.31391301757442,39.59133862688074,25.70308935583515,positive
70.51532581580622,48.14102068183471,1.0,60.645852664416665,56.707828942411346,9.556007096726884,positive
68.26392059585976,82.09717018704133,48.0,69.45900843169969,51.05980522415438,36.05524337511779,positive
76.13082913158617,60.793336126161506,48.0,84.42698181091723,56.28994337769579,2.8713159128275634,positive
71.70062992173875,65.2539530865781,48.0,80.40155124911831,4.0,3.0711220105754546,positive
68.84787640279774,72.16752123085502,48.0,78.47930835951826,4.161914732834656,28.131844362868264,positive
56.82282419060624,74.02069136331826,48.0,69.37341587519813,38.75015912843243,32.35560916566641,positive
22.731583591946336,70.22077064795091,1.0,69.80517183444327,64.11323708876611,73.59087567445285,positive
72.59952589528237,56.112521429815885,1.0,49.34644010400302,54.90444376331253,9.450323218541484,positive
70.067010362301,46.61968818690549,1.0,63.96929847478411,58.35237904048135,14.76495329565062,positive
74.04928604485622,76.0,48.0,83.77862772993397,51.872707755301406,5.704767443044067,positive
66.73061528361097,49.0,1.0,57.478567865559256,55.619339498565765,29.404527911113586,positive
67.92926376427556,62.71761596063296,48.0,76.60440331701128,40.80290561986145,23.113291045082814,positive
62.93734683337912,49.551135797226834,48.0,56.140920559435855,50.85499226627579,35.27575153918408,positive
76.18844419758982,76.59790305781718,48.0,82.1159644113684,4.304756998341543,25.38088827991854,positive
73.30246058750605,48.01203488793624,1.0,47.38144149032436,58.74179923959731,1.9472112905544408,positive
65.37931315487273,75.2298252482302,48.0,49.91326967944065,34.7545375950528,41.471289401465654,positive
68.34626006578968,71.97066792429149,48.0,80.07511569724429,44.878295998215854,23.168060564395176,positive
68.39132437316772,73.81277530845097,48.0,71.20818668700728,47.56289328362033,36.0654019563909,positive
73.38225742750767,4.226246477059085,48.0,48.2602700516061,51.444175927344844,29.318807656092087,positive
68.58693164053795,60.59690500109629,48.0,80.2022334094184,43.74885459186783,23.5449230457305,positive
68.40300125136247,47.2376335393018,1.0,58.73747459168577,56.138359694367715,13.536391246832128,positive
71.95802667870099,80.81161059086378,48.0,63.158651002175475,53.38681498742,32.013274047783696,positive
76.03512098318856,61.55290093059376,48.0,83.34878072550129,54.76997052164886,2.264481751997908,positive
77.08377298432237,63.15543204663346,48.0,80.63878866853555,4.0,23.115897030687425,positive
77.81147577274406,61.76790669165273,48.0,80.9946683792499,22.136097820665196,26.270859973355382,positive
57.36509367859533,74.99726870209169,48.0,69.91165625374423,40.10752627532515,31.432934349117854,positive
55.702957004715316,67.27786495618517,1.0,54.682715768317905,56.69312260272157,36.48558256758991,positive
66.41205508419091,51.70247128130172,1.0,65.35792156634831,56.770346820100265,26.106089948411654,positive
71.60505101125781,52.558694698937984,1.0,46.03699250335058,57.427855775906266,1.4951006713657609,positive
70.89437958164258,70.18145071386371,48.0,80.82023471412575,56.365024311355704,15.068389464258393,positive
66.09276484660643,50.050552232635894,1.0,58.953537269311575,57.05491617623457,22.96569831978031,positive
69.80519195922095,71.53270295940008,48.0,62.41531445820786,50.193004192959826,29.64846790062694,positive
59.256297374646095,50.24109728792548,48.0,64.77663854817831,51.84173489866824,34.21193187984205,positive
67.0204108428376,83.50018426000338,48.0,72.86420255770324,4.484840686654671,28.88894751285934,positive
72.87712796002727,56.03609812512061,1.0,52.26699918800621,56.622593778509845,8.838953057857207,positive
62.153900064772024,77.87593437323936,48.0,48.65004341595743,40.62374669059432,40.14652842123032,positive
68.58293691632393,74.45830011506608,48.0,83.43447658255393,39.28715380916802,21.15542795356715,positive
64.2654067123766,69.02447539468666,48.0,67.69793487488793,42.99501184265574,30.33781633360314,positive
62.58545916613351,8.061517989452033,48.0,53.78103180466642,45.46331467586438,36.31723191033514,positive
67.44003536212216,57.80141429939144,48.0,76.7655019105369,40.95003668060545,26.27470431711332,positive
66.92870300480054,49.0,1.0,57.10311382868087,55.979641790419684,33.93415306830202,positive
59.9559895310818,81.24499431579429,48.0,72.48790177781665,47.18936087796903,37.63546359354562,positive
69.81608737541876,57.854398751471564,48.0,80.62961762641918,50.908300762570114,16.594851746835634,positive
67.4405008738294,60.20142531260926,48.0,54.016522698665,4.606259130561387,2.043851842798717,positive
68.13250451145869,67.8089729377549,48.0,49.88830418510294,4.0,30.736217017866803,positive
55.19341426909419,70.43021778618187,48.0,70.31737877083692,38.97424284038171,32.41745024696047,positive
16.40250819961092,73.83871939194024,1.0,60.20749795902776,63.20536333795407,54.579931885654204,positive
70.322611590135,48.94850235724029,1.0,58.318705695886635,58.95442841477624,15.554761682933163,positive
74.47286649294546,55.81801013390528,1.0,37.988330142895265,58.04960753316452,2.034516046164677,positive
67.09631903344095,81.44679880736743,48.0,75.37437460758136,55.2190435240003,21.305830241549018,positive
73.29498078512272,52.15678355468008,1.0,50.791480511041954,54.26441486002652,13.10756745400062,positive
69.7330000311951,71.62497905610154,48.0,64.20092446566598,41.49419560699684,29.997793895123,positive
67.50106051400016,52.63902929334809,48.0,74.53003651076405,43.93118535235263,25.442972801199815,positive
67.95781494310393,70.17295054975334,48.0,59.72412330474508,4.603115334566404,29.607309142112996,positive
76.1580243498898,55.53823706655872,1.0,40.19040593636662,55.248962022117034,11.75765489888529,positive
62.35488544020867,72.5914920108183,48.0,51.0,34.525050526169906,36.632516602746435,positive
68.92552187571835,73.27961632933852,48.0,77.13223531418275,43.450487995690686,23.253737441139066,positive
69.07747749133597,69.71757443083628,48.0,67.50603595572527,42.36682220880326,29.658470517854198,positive
68.85151960252067,8.821474731256082,48.0,47.72358405400101,50.06103689103991,31.49913541237152,positive
69.63494402079994,70.22204390810074,48.0,69.79568894142089,40.038993511554786,33.70656458276645,positive
67.70633306982732,49.0,1.0,56.945886174690955,55.31478623349298,31.70202911658436,positive
69.89078768411662,81.97154404677713,48.0,73.64900608901053,52.447923957510916,31.306674829262278,positive
65.66604364227291,56.39800430064387,48.0,84.39948126679997,53.30873692076468,20.193321515255906,positive
73.39858838295811,63.36966770376115,48.0,76.41391635792046,4.0,3.3772668227498324,positive
73.7457499324691,67.490355668798,48.0,62.690981353881156,4.0,29.81084664687905,positive
58.71577217367279,71.0840615074326,48.0,70.00391087126036,42.05465805792237,36.994084508889806,positive
49.53918786902405,74.09131671352583,1.0,72.92695833021824,58.16643452859827,45.903002902854176,positive
66.7543933363925,52.86643479485067,1.0,64.89787606943484,57.370255825101296,34.12177292153322,positive
67.10116115378104,51.85874901430777,1.0,58.61655989381525,58.033680562071225,14.797800659849257,positive
68.76671716502267,76.0,48.0,83.33394769822185,50.4375780349668,7.195504144863621,positive
66.63063663045585,51.31470144880939,1.0,55.29600189513228,57.35752499091192,16.20677294316423,positive
65.36211858209722,69.95918783100004,48.0,66.80018809875065,41.90749699424679,30.831206506247455,positive
64.61858445865336,51.298907300105654,48.0,65.10927247468099,44.54625809093132,29.86162011682049,positive
66.3560019736256,84.335022314691,48.0,72.87847222711885,27.451357705425476,29.342043286598408,positive
69.33125332870675,55.36209806663944,1.0,56.15700038061908,54.896237874514995,10.016191073110667,positive
61.71758264357711,75.43255466840493,48.0,45.514279612771546,34.33842896265021,37.54021765362533,positive
69.83101582682515,74.03305538520478,48.0,77.63932239775559,44.11441103766106,27.930776340280506,positive
68.60871651636766,71.33987913522259,48.0,72.1221811800895,43.401599898707126,35.59385121115887,positive
72.80788796861401,8.066003567436796,48.0,54.85787904244724,51.12883746460518,29.0,positive
66.30877625181738,54.78193465113582,48.0,75.4255141566095,44.359224522167864,30.167255758612953,positive
67.68273939890004,50.57095345734145,1.0,63.53424797303846,57.11373212527667,24.06310821238909,positive
53.14866256692958,81.21091882730359,48.0,72.29260360852815,38.15932757729785,37.8160443616752,positive
65.89031575128209,55.451033762412834,48.0,87.11459410398552,53.27351182570245,21.74348377417057,positive
66.86341179010955,58.72512190961412,48.0,70.79811012906002,4.300666454609279,2.9777357645180214,positive
75.06898078051204,67.8471706752255,48.0,77.39993687918864,4.0,32.073462760499595,positive
62.667872738220005,76.76416703594619,48.0,69.63754084158431,42.34049774998206,37.300548608646245,positive
28.160867991955044,67.53375305395947,1.0,65.63956844499756,58.976551593227896,51.70539822950197,positive
66.94746922577265,50.39345822599079,1.0,56.79070409635995,56.9205036847707,16.38971849269994,positive
71.24287290063184,46.10712695549402,1.0,41.36672001061683,56.190235468227726,2.9142397453472615,positive
73.91457236894661,81.90167961270838,48.0,81.99416734666111,55.13782533649003,5.19935097345005,positive
76.14948753809959,55.153466949946555,1.0,40.75476056608207,54.41390884879348,22.28564839187736,positive
61.050996188171844,73.88026820066013,48.0,59.88355498204307,35.65151311323959,31.80342743853531,positive
68.86123333846515,51.798175564812915,48.0,69.930854085662,48.04882858837682,27.86433268402909,positive
61.70432014286745,82.88106408792028,48.0,72.45001896942968,6.244832256381391,36.055751590429374,positive
67.82967425138801,51.40227984814395,1.0,40.58246055475766,54.58727245225627,17.22375681088393,positive
67.21402950374757,76.63300124476996,48.0,49.495624831842505,35.66058727454844,41.29864656031683,positive
67.49218100484788,81.56067661705993,48.0,80.77484804817476,45.15743057180989,31.012048544335574,positive
70.73880697764628,83.43324533536949,48.0,73.08881405358842,44.87685585703301,36.305916141728154,positive
63.23638499469919,6.269451276439536,48.0,47.92308000092193,44.17003994266179,29.39928002131237,positive
70.22318201014858,65.43093738882624,48.0,71.88340151930817,41.30309418975059,32.215035405608255,positive
70.39245596709277,48.19868399702311,1.0,61.96002147377802,57.63623356065654,11.817566852472936,positive
58.2324280820097,83.05867559486961,48.0,72.23221144962,38.29491176883314,37.83171406511118,positive
75.51612557983432,58.03349493790158,48.0,87.1730445618053,45.44250154331811,18.90646328891097,positive
68.0,64.37325543210655,48.0,70.0762831008965,4.0,13.05786164325527,positive
72.78738220821322,64.61867903255117,48.0,81.81353204795555,4.0,25.150923292459325,positive
57.56705194848178,83.89844554279284,48.0,73.71742669194326,40.36125597921812,37.22857054254829,positive
11.984969832728577,67.91648003892816,1.0,64.82408203523951,57.92428135486494,41.72366756618888,positive
70.77014406027035,54.52514314098979,1.0,65.23896855713735,58.76043778018056,4.738402366526103,positive
67.93961903510056,49.06012812174035,1.0,52.408455097338745,58.317182913875946,10.289642284540498,positive
74.54531697439923,69.03819633158844,48.0,77.27945214288522,43.91731142410329,16.610288379525073,positive
66.98370653762633,52.99643669007115,1.0,57.83193860082853,57.10008793565794,22.56539533206419,positive
67.14756401523897,67.15100972724058,48.0,71.8421615027691,39.34660706857132,22.741555619881858,positive
68.27878602156423,53.37131372553507,48.0,69.88881403001832,42.39276230542331,29.66975746585529,positive
67.3397927134503,65.9483978504017,48.0,73.0,4.390411898585266,20.688183976133566,positive
71.18203159558739,51.74682768978654,1.0,47.67243455507897,54.649995304828025,19.120738218438827,positive
62.69651872527291,75.2633962184754,48.0,47.758830050030014,34.60816601204686,34.512598825489064,positive
68.83876020071304,59.44419242080785,48.0,79.1137489222069,42.36670330842319,25.63805772472006,positive
71.83216856567869,77.48371185685323,48.0,65.38978285708045,46.94991302264282,31.339044739642603,positive
64.00932938056657,6.505542137800583,48.0,49.606552149906385,47.366993697645924,36.12768238179609,positive
64.77797090307548,67.86752301237668,48.0,65.15664717961651,40.474439060530464,27.839908856779854,positive
67.82773763717705,53.10001057834987,1.0,63.28602248998351,56.83493633799366,19.23951491684928,positive
53.65647123018272,83.76576856468665,48.0,73.90426006249893,52.79986617219823,37.910165269362246,positive
70.57397864522244,58.45160993408743,48.0,85.15767710624948,52.96297935898123,16.68722687036054,positive
64.26478706599016,59.5722675715754,48.0,51.95296353501049,6.035433046016015,2.620883686642503,positive
70.42464414002264,72.60886517533721,48.0,76.58943741650124,4.041273023884461,28.432733277534755,positive
57.94492121120078,82.68501119082605,48.0,73.14307322195575,45.070172061755926,37.095424798140584,positive
29.876282244345568,51.890505453439985,1.0,70.60116704141909,55.0848513327298,29.468031270109645,positive
75.0349779716199,56.19309715360902,1.0,57.47082604393531,54.49922321992925,9.193369637279773,positive
70.36973411751346,48.28393630884865,1.0,52.594523217271394,57.24604476337823,25.436617510317266,positive
72.2531841673452,63.43636211185204,48.0,79.16645775061053,53.78326523227427,7.874316712039013,positive
66.38497261326047,53.517339454832566,1.0,55.390032145913,57.36584154386244,26.368578194059193,positive
61.824168458179905,74.97204513221698,48.0,60.44064188836819,40.0804229978836,30.332036368762953,positive
64.32180728245456,59.48034502555848,48.0,65.07075097365914,50.011068248620575,32.58431195860949,positive
67.37840012835912,78.95014425253397,48.0,53.811925293178184,4.517574058692501,31.082541128746097,positive
71.44893799451431,49.671363022135765,1.0,43.47892779242354,54.068611084589214,1.0373002359337615,positive
62.30012818895548,73.77931492192289,48.0,49.67857187927262,34.34603613413779,21.71996837596727,positive
70.15340575421115,73.9490273656105,48.0,72.23212321709029,44.56294746233179,30.06162889360082,positive
70.70944961801452,83.61527711476229,48.0,69.64695820583106,52.90087706250996,36.97392257135329,positive
69.44530031511262,7.638702775100828,48.0,52.28424903839584,52.13208563878047,29.961407759604366,positive
63.842273700736,67.23125320285442,48.0,71.57574455150274,40.020433695965764,21.917700734209117,positive
67.70831065558775,49.031937318986955,1.0,64.20543667401179,55.85970763091247,27.348086546867883,positive
67.08271687741158,81.76783612539613,48.0,70.6689510193428,46.846326302567185,36.686601664154274,positive
75.88144623865405,62.73499846806122,48.0,84.55410712198677,56.30078996113823,2.170461792104638,positive
68.0,63.664423209245776,48.0,61.55814520025893,4.0,32.20005657211018,positive
71.86075067820646,86.94363281938817,48.0,79.1989609435678,4.223065637770787,26.353892375265502,positive
57.925880281988455,75.74125395015767,48.0,70.13448899614934,39.05962126791718,36.14632153695429,positive
10.301731174126964,67.57435868280088,1.0,69.29249018710665,56.30326125135944,31.574521753469103,positive
67.41507887079221,52.072719398150035,1.0,62.27422576424147,57.97048421051367,17.321294691789113,positive
69.64718088152294,46.618129556668066,1.0,53.55555493101971,57.983530209106426,26.847528122346283,positive
68.80730293291388,82.68075955631933,48.0,75.97221638852022,56.03698665728247,24.894484604266996,positive
66.48213007296413,49.0,1.0,56.473213139122215,55.64351950570798,33.62393547642088,positive
63.105208850904745,69.53151041446522,48.0,65.15103042135178,41.07025308576742,32.8416898151407,positive
66.8878445712659,70.51643425529186,48.0,66.51769052978774,48.85247328708396,34.90080010479746,positive
74.74992209092427,84.0843457905013,48.0,77.52513372146309,4.326022877181263,27.298818109550524,positive
72.34364330968616,56.52453766792873,1.0,44.030800925835045,55.7864009301195,12.059557468540094,positive
61.65592841699349,73.89863870281387,48.0,49.06092852480966,40.181632346081294,31.409692037208245,positive
67.50919769906054,74.00857099642941,48.0,80.57920195002652,44.28583858519891,27.60628621465019,positive
69.06769400419142,74.57786691954405,48.0,71.59144333946782,53.373399330861616,36.214589505392944,positive
70.76680783263147,8.752225533678601,48.0,49.988478054875976,52.67943915822436,43.33122888847073,positive
70.6107712139067,62.456765280689226,48.0,68.92217370246574,42.85140895525295,29.02900505243723,positive
68.61725069746458,46.453515396987704,1.0,58.72772491284244,55.70508543107573,14.532705070742963,positive
70.54718630918079,81.8535386697465,48.0,62.51299049729365,51.11043314612558,36.202569053262614,positive
72.65267098222557,58.96902789250053,48.0,82.4072759841657,40.59727985324485,20.038184710715587,positive
70.82544036886985,64.46365057663522,48.0,78.89993699598995,4.0,19.36629762439232,positive
73.15669987548566,66.06661194703864,48.0,77.67723353288761,4.0,17.8775151654376,positive
54.55675351454006,76.49814592912936,48.0,82.88561961852632,38.121636222477655,34.71890986856463,positive
62.00421943639341,60.108335318603004,1.0,72.10747411044483,58.1575952172379,16.191578385193637,positive
67.50426139142948,54.1653719079373,1.0,64.39936023425925,55.46266556157065,16.145633793375687,positive
70.50871441183102,48.022032846855026,1.0,56.55894648063037,56.55393533451734,24.700300082744477,positive
67.61563100870278,77.47348161255401,48.0,77.37416512635612,54.29403274147155,8.717904225814051,positive
66.1471948383614,49.0,1.0,61.72153374339192,55.77961195600292,32.2584535371338,positive
66.71415186550401,74.10876436769568,48.0,62.22367711652387,43.58733472412144,30.840263984378705,positive
64.641946551568,66.41875461594375,48.0,65.60649686834378,52.29404867721005,31.973041838123955,positive
77.85284600524707,70.9889611763979,48.0,74.56256599509159,4.32827258577569,26.96704093858249,positive
74.59504931746083,52.57372549839113,1.0,48.11833123101272,54.79648762143894,2.302673536600361,positive
67.14313821525629,76.68320385430603,48.0,50.54825594642143,39.385410282643,39.43966998136524,positive
67.6279934530083,76.45976098196225,48.0,82.02956476259764,52.997467130576354,28.480417532462017,positive
68.8683198020784,74.55049587096907,48.0,80.81637935421874,44.39209667942375,35.38274791694771,positive
61.33588855448032,8.464379500454463,48.0,54.36897651770018,39.24280103871028,34.3290612488324,positive
65.56442550609846,56.192742083174956,48.0,76.73794326069486,39.9106392150122,28.711295192882808,positive
75.36468543128488,52.71663384177289,1.0,53.52364474616341,54.24344699972518,27.338470925209087,positive
67.04375207557152,78.46870690567418,48.0,80.61035054529579,47.15014983809583,28.58713658855274,positive
74.0665521139972,57.693902370377664,48.0,77.90369212365007,41.78893179152688,8.483335022831252,positive
68.0,65.55275905707406,48.0,70.32052981962603,4.0,3.932316384046435,positive
77.58135794122109,63.92233297235569,48.0,78.6838063793897,16.28298478942053,24.029717683144213,positive
59.24017962266251,71.00379915320333,48.0,65.59659707314086,38.58257855528743,33.381224403634576,positive
62.194470610241524,49.93185877880926,1.0,72.17616888972867,57.82403317708686,44.00834975028228,positive
