49.0,29.0,48.0,56.0,24.0,35.0,negative
7.0,4.0,48.0,54.0,35.0,44.0,negative
59.0,49.0,48.0,52.0,45.0,36.0,negative
23.0,32.0,48.0,55.0,25.0,35.0,negative
67.0,39.0,48.0,36.0,38.0,46.0,negative
29.0,28.0,48.0,44.0,23.0,34.0,negative
21.0,34.0,48.0,51.0,28.0,39.0,negative
42.0,24.0,48.0,57.0,27.0,37.0,negative
25.0,48.0,48.0,44.0,17.0,29.0,negative
39.0,32.0,48.0,46.0,24.0,35.0,negative
51.0,5.0,48.0,46.0,32.0,35.0,negative
22.0,43.0,48.0,48.0,16.0,28.0,negative
25.0,4.0,48.0,46.0,44.0,52.0,negative
44.0,27.0,48.0,55.0,52.0,58.0,negative
23.0,4.0,48.0,39.0,28.0,38.0,negative
41.0,57.0,48.0,39.0,21.0,32.0,negative
4.0,45.0,48.0,38.0,22.0,0.0,negative
31.0,23.0,48.0,73.0,5.0,14.0,negative
51.0,54.0,48.0,41.0,34.0,43.0,negative
29.0,37.0,48.0,48.0,44.0,52.0,negative
21.0,51.0,48.0,5.0,32.0,41.0,negative
43.0,37.0,48.0,53.0,35.0,44.0,negative
53.0,38.0,48.0,44.0,26.0,36.0,negative
34.0,33.0,48.0,38.0,35.0,44.0,negative
56.0,51.0,48.0,34.0,37.0,46.0,negative
24.0,35.0,48.0,31.0,19.0,31.0,negative
65.0,47.0,48.0,59.0,3.0,4.0,negative
38.0,46.0,48.0,48.0,22.0,29.0,negative
33.0,45.0,48.0,52.0,32.0,41.0,negative
3.0,37.0,48.0,59.0,41.0,49.0,negative
4.0,5.0,48.0,45.0,39.0,47.0,negative
28.0,38.0,48.0,5.0,33.0,42.0,negative
61.0,45.0,48.0,48.0,35.0,41.0,negative
17.0,38.0,48.0,45.0,42.0,5.0,negative
43.0,4.0,48.0,39.0,28.0,39.0,negative
23.0,33.0,48.0,43.0,33.0,43.0,negative
29.0,3.0,48.0,45.0,3.0,17.0,negative
22.0,36.0,48.0,35.0,39.0,47.0,negative
23.0,58.0,48.0,37.0,53.0,59.0,negative
47.0,47.0,48.0,22.0,16.0,26.0,negative
54.0,47.0,48.0,28.0,33.0,42.0,negative
51.0,37.0,48.0,35.0,36.0,45.0,negative
44.0,34.0,48.0,3.0,33.0,43.0,negative
42.0,38.0,48.0,54.0,34.0,43.0,negative
44.0,56.0,48.0,5.0,46.0,54.0,negative
52.0,36.0,48.0,41.0,28.0,38.0,negative
36.0,41.0,48.0,48.0,47.0,54.0,negative
18.0,3.0,48.0,46.0,24.0,35.0,negative
24.0,43.0,48.0,54.0,52.0,59.0,negative
25.0,37.0,48.0,41.0,33.0,42.0,negative
52.0,57.0,48.0,42.0,47.0,54.0,negative
26.0,26.0,48.0,34.0,25.0,35.0,negative
37.0,5.0,48.0,42.0,36.0,45.0,negative
44.0,42.0,48.0,42.0,25.0,2.0,negative
24.0,43.0,48.0,37.0,28.0,38.0,negative
42.0,3.0,48.0,48.0,26.0,36.0,negative
48.0,42.0,48.0,45.0,25.0,35.0,negative
41.0,48.0,48.0,51.0,44.0,51.0,negative
44.0,28.0,48.0,43.0,27.0,37.0,negative
29.0,41.0,48.0,48.0,38.0,46.0,negative
41.0,43.0,48.0,45.0,31.0,41.0,negative
29.0,47.0,48.0,41.0,23.0,34.0,negative
34.0,55.0,48.0,58.0,31.0,41.0,negative
36.0,56.0,48.0,43.0,45.0,53.0,negative
5.0,49.0,48.0,49.0,46.0,53.0,negative
5.0,51.0,48.0,27.0,23.0,34.0,negative
53.0,42.0,48.0,16.0,29.0,39.0,negative
34.0,46.0,48.0,52.0,35.0,44.0,negative
4.0,42.0,48.0,37.0,27.0,27.0,negative
41.0,43.0,48.0,5.0,24.0,25.0,negative
3.0,45.0,48.0,36.0,21.0,32.0,negative
31.0,47.0,48.0,29.0,28.0,39.0,negative
64.0,76.0,48.0,45.0,35.0,38.0,negative
35.0,37.0,48.0,3.0,34.0,43.0,negative
57.0,54.0,48.0,37.0,28.0,33.0,negative
65.0,55.0,48.0,34.0,37.0,28.0,negative
38.0,4.0,48.0,63.0,25.0,35.0,negative
24.0,57.0,48.0,63.0,34.0,43.0,negative
38.0,26.0,48.0,54.0,16.0,28.0,negative
33.0,47.0,48.0,53.0,18.0,29.0,negative
24.0,34.0,48.0,38.0,3.0,4.0,negative
26.0,5.0,48.0,44.0,32.0,41.0,negative
44.0,49.0,48.0,39.0,38.0,4.0,negative
43.0,32.0,48.0,33.0,45.0,52.0,negative
49.0,43.0,48.0,49.0,3.0,4.0,negative
47.0,28.0,48.0,56.0,2.0,25.0,negative
32.0,33.0,48.0,6.0,6.0,2.0,negative
34.0,35.0,48.0,51.0,49.0,56.0,negative
35.0,34.0,48.0,46.0,3.0,27.0,negative
38.0,3.0,48.0,43.0,29.0,39.0,negative
41.0,51.0,48.0,58.0,2.0,31.0,negative
51.0,49.0,48.0,53.0,14.0,26.0,negative
25.0,51.0,48.0,37.0,42.0,5.0,negative
24.0,41.0,48.0,49.0,23.0,34.0,negative
17.0,39.0,48.0,53.0,3.0,39.0,negative
4.0,31.0,48.0,41.0,29.0,39.0,negative
61.0,36.0,48.0,49.0,35.0,44.0,negative
34.0,51.0,48.0,44.0,37.0,46.0,negative
28.0,33.0,48.0,45.0,22.0,33.0,negative
4.0,46.0,48.0,42.0,35.0,44.0,negative
23.0,34.0,48.0,43.0,26.0,37.0,negative
37.0,44.0,48.0,42.0,39.0,47.0,negative
3.0,44.0,48.0,49.0,22.0,33.0,negative
27.0,3.0,48.0,71.0,28.0,39.0,negative
36.0,42.0,48.0,53.0,32.0,41.0,negative
3.0,37.0,48.0,43.0,18.0,3.0,negative
26.0,4.0,48.0,36.0,26.0,37.0,negative
4.0,41.0,48.0,55.0,22.0,33.0,negative
22.0,34.0,48.0,42.0,29.0,39.0,negative
44.0,35.0,48.0,44.0,52.0,59.0,negative
27.0,42.0,48.0,37.0,38.0,43.0,negative
16.0,43.0,48.0,54.0,27.0,37.0,negative
66.0,49.0,1.0,54.0,56.0,36.0,negative
71.0,46.0,1.0,52.0,59.0,3.0,negative
67.0,55.0,1.0,66.0,58.0,16.0,negative
68.0,49.0,1.0,62.0,55.0,28.0,negative
74.0,49.0,48.0,42.0,54.0,36.0,negative
66.0,86.0,48.0,34.0,41.0,36.0,negative
73.0,78.0,48.0,58.0,51.0,31.0,negative
65.0,57.0,48.0,47.0,47.0,51.0,negative
72.0,86.0,48.0,17.0,55.0,21.0,negative
67.0,7.0,48.0,46.0,45.0,33.0,negative
67.0,81.0,48.0,54.0,49.0,23.0,negative
67.0,61.0,48.0,51.0,37.0,38.0,negative
63.0,1.0,48.0,35.0,51.0,49.0,negative
57.0,59.0,48.0,39.0,47.0,33.0,negative
71.0,71.0,48.0,4.0,54.0,39.0,negative
66.0,74.0,48.0,31.0,38.0,43.0,negative
67.0,81.0,48.0,25.0,42.0,25.0,negative
68.0,82.0,48.0,38.0,65.0,56.0,negative
7.0,64.0,48.0,47.0,51.0,47.0,negative
63.0,57.0,48.0,49.0,7.0,2.0,negative
63.0,86.0,48.0,39.0,47.0,34.0,negative
63.0,83.0,48.0,4.0,39.0,19.0,negative
63.0,71.0,48.0,6.0,4.0,39.0,negative
71.0,86.0,48.0,4.0,54.0,32.0,negative
68.0,78.0,48.0,43.0,44.0,42.0,negative
64.0,84.0,48.0,37.0,45.0,4.0,negative
75.0,84.0,48.0,35.0,52.0,33.0,negative
63.0,65.0,48.0,39.0,44.0,35.0,negative
69.0,67.0,48.0,3.0,39.0,24.0,negative
7.0,71.0,48.0,42.0,84.0,85.0,negative
69.0,8.0,48.0,46.0,57.0,26.0,negative
64.0,66.0,48.0,41.0,39.0,2.0,negative
66.0,71.0,48.0,41.0,5.0,35.0,negative
69.0,59.0,48.0,46.0,44.0,52.0,negative
68.0,67.0,48.0,49.0,4.0,34.0,negative
64.0,78.0,48.0,5.0,36.0,38.0,negative
76.0,73.0,48.0,44.0,39.0,39.0,negative
64.0,81.0,48.0,37.0,39.0,44.0,negative
29.0,39.0,48.0,52.0,4.0,48.0,negative
62.0,83.0,48.0,46.0,36.0,4.0,negative
56.0,54.0,48.0,43.0,37.0,3.0,negative
69.0,66.0,48.0,41.0,5.0,25.0,negative
69.0,65.0,48.0,63.0,48.0,41.0,negative
74.0,56.0,48.0,47.0,68.0,3.0,negative
71.0,57.0,48.0,48.0,35.0,32.0,negative
61.0,6.0,48.0,44.0,39.0,38.0,negative
59.0,61.0,48.0,42.0,42.0,37.0,negative
74.0,74.0,48.0,31.0,53.0,52.0,negative
78.0,68.0,48.0,83.0,4.0,29.0,positive
67.0,88.0,48.0,73.0,5.0,25.0,positive
61.0,75.0,48.0,51.0,33.0,33.0,positive
67.0,84.0,48.0,74.0,54.0,37.0,positive
74.0,9.0,48.0,57.0,53.0,29.0,positive
73.0,84.0,48.0,86.0,58.0,29.0,positive
75.0,76.0,48.0,83.0,57.0,3.0,positive
77.0,57.0,48.0,88.0,53.0,2.0,positive
74.0,78.0,48.0,75.0,54.0,15.0,positive
68.0,76.0,48.0,84.0,45.0,27.0,positive
52.0,81.0,48.0,72.0,38.0,38.0,positive
6.0,76.0,1.0,77.0,59.0,52.0,positive
69.0,59.0,48.0,77.0,39.0,21.0,positive
63.0,49.0,48.0,79.0,45.0,28.0,positive
71.0,71.0,48.0,68.0,43.0,36.0,positive
68.0,63.0,48.0,73.0,4.0,3.0,positive
60.839772446299115,69.96893961569265,48.0,46.46469933943698,34.31382279397433,36.3174703463795,positive
67.51847773036512,80.69629403172668,48.0,73.0,4.671829184247027,15.389978227062167,positive
73.18881195307634,82.3422622252269,48.0,78.90335664255146,57.000126478227294,18.07993658225302,positive
69.89862876214454,58.51382252643258,48.0,79.07297220885803,51.14166433211434,6.875509497601252,positive
70.66187751617151,8.26976399898138,48.0,52.86308296505065,43.0715569508547,32.2271028509877,positive
71.26076147885907,66.38044403838306,48.0,75.499708807264,39.30286112225317,18.92568680273697,positive
67.44255338528151,77.16362744147774,48.0,77.44240300213605,52.567270348022696,36.61853613194794,positive
67.07082145029347,83.62152759715275,48.0,82.0924108196057,47.57639755959488,33.702090594899744,positive
70.92437829111422,67.61409482482371,48.0,52.27484107817607,4.0,30.18911236679122,positive
6.552897310563836,69.06511433498054,2.945543844459363,58.31934396605784,56.05630628471443,48.110667722536,positive
67.55533923476057,70.54064161947265,48.0,73.0,4.49581790809752,11.151367868856724,positive
72.85081769422874,72.49531637223936,48.0,67.24518487684568,48.57107051562199,34.89990681441346,positive
53.698564163265736,76.51726572596567,48.0,71.08220836742478,37.09131983880805,36.27759754331019,positive
71.58291604645618,77.79703904766507,48.0,81.45996164576749,52.5972435867055,19.318777725199613,positive
63.121478721406454,62.49463659453407,48.0,79.9442886164667,45.0,27.819952784850926,positive
74.75637112354396,80.32825604414774,48.0,85.09484366974179,57.089997419208515,26.29448054084499,positive
66.16052343648074,71.66447529391525,48.0,51.0,33.09966984921943,37.63757608578616,positive
67.81787893632571,72.41329243411084,48.0,66.18530390398166,4.847272143074083,25.58751203592566,positive
69.79003184255113,84.0,48.0,76.35102380724697,54.21699431582143,29.49098266318645,positive
75.14577582916976,50.09669017673413,48.0,87.2653683507602,49.504129310600604,5.439353008616802,positive
69.3316491650093,8.206065779949151,48.0,54.6791166002663,54.78089217771604,28.17719824818742,positive
70.4410939782746,65.29897090174327,48.0,68.31336075563337,40.37445169993735,30.72449987130966,positive
67.39633041601313,77.88205261171025,48.0,77.94821806533943,53.03140335484592,34.48569039808229,positive
69.56107048862201,71.79576806789503,48.0,74.44491819188401,44.16981482897024,33.714404102211454,positive
73.62318101866497,67.2775706609927,48.0,78.1342071301508,26.039577564391884,28.756423347415726,positive
21.678086878519707,55.75692088740228,1.0,66.7058955174482,56.668129128128065,51.698507594500335,positive
67.39918183755505,68.94165563918673,48.0,73.0,4.333642261504382,5.749833554342353,positive
69.48367913674997,67.30012047101151,48.0,67.23030471543721,46.05335758104756,40.33439784508579,positive
55.543942798748375,81.64938708516749,48.0,72.24754044410501,46.93658430363365,37.113684375515206,positive
74.35785907798802,77.66630784346198,48.0,81.21925271218488,54.74822682445823,8.679192945695876,positive
65.10537625280459,60.48940385393438,48.0,74.52914941146729,47.826598113127744,40.80038605057391,positive
74.9737606627878,77.54004547216512,48.0,82.33553012103117,56.903095751873785,4.677613914334003,positive
65.65846252073435,77.01014308784774,48.0,43.04866327209589,42.88942184801874,40.222953157356315,positive
67.38606540564605,76.66333029169813,48.0,82.79476995845218,4.627589891182733,28.21943210607006,positive
72.90596557127185,84.0,48.0,81.92286918744419,56.13664489273803,36.08489423805776,positive
75.8215425051457,72.4277699787536,48.0,79.36201154326655,53.66146043973905,4.453947168006686,positive
73.4234110573089,8.892609797441876,48.0,47.89819964466287,53.0494666858238,26.510033018333992,positive
73.66016366585973,66.16141862440348,48.0,76.13907489288857,48.30774190577129,15.845923853656338,positive
71.08315245441146,84.0,48.0,81.77294548882294,57.438487194896304,31.867335833943933,positive
70.26020392997408,76.7423897722286,48.0,77.51613172374675,49.458461411043004,15.142784683070985,positive
68.5762086322644,67.52690438465628,48.0,50.024135653276,4.0,30.98231313417726,positive
11.39743060388975,51.66897118176495,1.0,56.12223985920613,58.286133675796584,43.540864869392514,positive
67.6053403522973,61.899199261126256,48.0,69.16359951857348,3.446298936012411,3.913138520050848,positive
67.34944898955172,77.58725761131447,48.0,68.50180354504138,53.202043726725,36.969868741956944,positive
57.71727280011224,80.32415601050569,48.0,74.42112797680966,42.544901884742586,37.300791477807614,positive
73.91122970310263,81.96786607238148,48.0,78.66802676844881,55.29011833193452,23.886897632073122,positive
65.61067946218793,62.85844756110067,48.0,72.61360898811895,46.76657490389913,35.00528401545903,positive
73.85835705257881,82.19415005886012,48.0,84.27373883082558,57.7723018209069,18.43728773126014,positive
66.54731903746875,76.37241560207582,48.0,49.930339308106646,41.54993898238999,38.21820383492475,positive
72.79802260431616,79.59440869473012,48.0,75.02471808260668,4.8894658422269535,28.17935620877839,positive
72.72329592431234,84.0,48.0,78.81087916816608,55.8504224646247,34.43767965440568,positive
67.19209793650111,55.87595441151351,48.0,81.61690801001669,46.93600546875635,5.390124653685345,positive
70.37688235926649,8.529536172375375,48.0,53.3657275917478,55.56542024460556,28.677079169487964,positive
72.21681020301102,77.40043247616607,48.0,76.6380371825152,43.50748810186927,15.411738963208899,positive
67.71444471292537,82.75464721874614,48.0,78.05810706522558,47.35115248078491,34.19750465041445,positive
72.49778958460344,82.29845239138606,48.0,85.57147834007395,55.08534353327253,27.905686615411664,positive
69.56917485875694,65.18219131397669,48.0,82.17134769587868,4.0,18.197299547872113,positive
61.01245952408142,73.48266736305581,1.0,66.13952435939649,58.35423936123483,28.07323667570464,positive
67.88994540691941,62.03113161045473,48.0,66.06169657913837,3.8690129787902454,3.0066751526332927,positive
72.80597341600307,77.99672914146453,48.0,64.56218582605712,48.652111952513714,31.222928055470955,positive
69.67092853037181,79.11268563554088,48.0,71.8857949553312,38.145805190817,36.25564071553145,positive
73.65331124080373,79.03997780787952,48.0,77.6453999899108,54.58534374969278,17.966359385508728,positive
69.47141713151753,50.59492187598751,48.0,75.45944123531923,44.66392934710423,31.41838261948663,positive
74.88150849680119,76.19896672860187,48.0,85.64738259349154,57.30874656438216,11.447965909480978,positive
63.40007240596262,75.57827082124274,48.0,48.54017188109951,33.00362819083684,34.730105852014454,positive
67.42572785155063,67.16463489193495,48.0,58.485495753778366,4.391724234569507,25.197822326702443,positive
69.64305837870471,83.93449706951418,48.0,85.06601525512312,47.29838718199854,27.19981842320529,positive
69.6538185947383,56.45037292852758,48.0,87.89692425961266,46.333774186457575,10.766590126835114,positive
62.47243208087885,6.863122088524445,48.0,45.75835871445851,51.36071045968453,31.175406382328955,positive
70.44817731831031,61.5581146767627,48.0,75.01198348175356,43.55759035498722,18.624516000505846,positive
67.63007401513612,81.48069428107779,48.0,61.133103662458154,51.91782101356702,35.44563526329146,positive
70.02614387339395,75.60669314933584,48.0,82.24730172299503,43.595124489589935,29.972039675833756,positive
69.55729678000198,67.91921116134037,48.0,61.4049004666606,4.0,30.87122639768595,positive
6.879130423574357,72.63733054265117,6.974259318893324,71.92547533675412,51.2197994463352,50.428436796354646,positive
67.66702127890044,77.04878990382339,48.0,73.0,4.571724002429213,20.773218716111433,positive
70.17108917256763,70.14235682273309,48.0,65.28116816758586,43.08944698892832,38.616966387482975,positive
55.764032778678384,78.43416548693952,48.0,74.88810242281684,39.581684019128524,36.16887077506972,positive
73.26482476759321,83.857482556158,48.0,84.37062539316483,56.05412058027211,20.573900364865132,positive
64.36289108745653,57.439661227907024,48.0,78.8794821021173,43.72480914386717,21.46280445863251,positive
76.3798618708782,59.72730806842525,48.0,85.74836419244694,54.91313506572256,2.2588149448655597,positive
64.53454214251146,75.7564345664653,48.0,49.92449987545329,41.65778339488268,35.701162850365996,positive
67.33729640234381,72.78270729923007,48.0,77.36192214827017,4.940193871251076,28.359583408811986,positive
73.7224670210049,79.84867632100286,48.0,80.4039511641931,56.161819035868355,27.20031693740095,positive
74.16615948311689,71.88531415103164,48.0,83.93056823006124,53.437926331550514,6.5950343307143635,positive
70.88791795341265,8.26851124691708,48.0,55.419977678188005,56.79074448896033,28.14657085684289,positive
70.07823987143037,61.94689815108814,48.0,74.58820001918214,41.763298522791246,29.573100430499096,positive
70.48509230627197,84.0,48.0,83.81694336045105,57.07267730096966,32.908318749906506,positive
69.98035483916068,77.77709249740431,48.0,84.39689068330945,57.62530394943956,28.117832407014742,positive
71.49108366180029,81.18019166345731,48.0,78.62498000406798,4.144240329156532,25.695948762478537,positive
56.87122520478028,55.455900120775894,1.0,63.34636251455321,55.79760934154097,30.249240936845347,positive
66.18192565104911,53.814851492082504,48.0,60.962618214635015,3.0947556099343076,3.9832266107097154,positive
69.43573001303182,82.77999944354097,48.0,71.14880242751127,47.16451395537328,36.071551411432424,positive
57.85080118597341,72.66180790164631,48.0,70.26416353800731,38.56064403644894,36.77075595986331,positive
74.46138910300701,76.03817987028336,48.0,79.68980714496278,54.675671859711855,12.92728005567654,positive
65.8939854146062,60.29749395502207,48.0,78.85928414166493,45.79597725390945,37.54151604095902,positive
69.955186686034,76.0,48.0,83.75095552770196,56.83308824892307,22.405123771127137,positive
64.74357535878232,67.26822939435192,48.0,51.0,33.159369716136965,34.05824051420569,positive
66.1009184628084,87.70423856567683,48.0,47.577104113589016,5.0,33.908304898578145,positive
71.9722132285134,84.0,48.0,76.13571795251612,56.734624858499224,30.628597441957535,positive
74.22291661829931,63.09914172731943,48.0,81.0572489865295,53.522626691862996,4.760563567322016,positive
72.75604945616885,7.048165841692676,48.0,54.81867780243479,50.19718716561562,32.54352866694109,positive
72.65058266416368,65.74038212686392,48.0,75.00927968653205,47.05449975013134,20.144439473018103,positive
68.41145260207304,72.11539180404758,48.0,73.43222907703982,46.86221854910261,36.693046658428194,positive
69.82942748717537,71.09318568850496,48.0,71.14215617952537,43.61976059004418,33.56999884105193,positive
73.56480253456505,80.71729830162442,48.0,76.45657791104915,4.678062039930237,28.822006764500074,positive
56.38954830815619,67.65681840627916,1.0,60.72479803715621,56.36065333429541,45.9329744480555,positive
75.00196231496803,64.06744842998106,48.0,79.01113035402327,4.0,9.758526975372842,positive
70.72197979698285,72.92504173295643,48.0,77.44849023081125,43.46852052822361,34.279238377645626,positive
52.49593973262588,78.37225149252659,48.0,59.07493957284086,34.25778938608316,33.36648321333518,positive
73.85315398181663,78.0,48.0,66.8235198550508,53.130365531908815,27.49385197412124,positive
63.70403040983042,56.73011191147695,48.0,73.90627348500824,44.366569130175435,29.941027046309497,positive
74.32503151854843,77.32676888659124,48.0,79.59766108786798,55.315025527787384,9.152541120324681,positive
61.64344250254822,66.11955015148357,48.0,51.0,33.646584418159506,37.76081025152303,positive
68.98416609024137,83.09248432010185,48.0,74.73936714075846,4.413718777984627,25.742837437057506,positive
67.97376636700439,84.0,48.0,82.88366023156479,54.85865558752433,36.55513339750754,positive
76.870763713757,72.91907898102636,48.0,84.76992409827723,54.195710094617915,2.9936343246284585,positive
72.44605568017472,8.593443832530989,48.0,56.81948323603113,54.27844264013293,28.046744819782838,positive
68.12503899895547,75.16890590077169,48.0,79.53687223314826,43.317243141394854,23.221869282400455,positive
67.06053624131818,84.0,48.0,78.3502158542334,57.63301873003286,32.39097994722342,positive
68.53951680974147,78.29062762583929,48.0,84.99790503408029,47.77819294374545,28.43205096763348,positive
72.68492195916173,63.845859430947776,48.0,78.09414876229681,10.684016684783913,21.203246163229345,positive
32.25417081587232,67.9323948563144,1.0,75.29960797155863,58.77480177554895,37.95595057360032,positive
67.15672104333821,82.369292137455,48.0,73.0,4.999584744141748,20.99212785438971,positive
69.72206722717823,70.11155388827149,48.0,65.57067958805321,43.86569747301337,38.67556099135819,positive
55.78871328742295,79.26638256147632,48.0,59.53171831916217,34.74000436689798,34.319332926214216,positive
73.69450458196137,79.50023224792491,48.0,78.50571492714636,57.791650828754086,17.384584924082656,positive
63.073942311503735,54.271235932331265,48.0,71.05910636030428,47.632387097430055,33.93957302398378,positive
73.24018727566423,76.0,48.0,83.26991962561394,52.03477327685009,25.34116475284089,positive
60.433439988477915,67.86114073190222,48.0,50.36753139880136,38.656131441367535,36.831135074947724,positive
69.73027311603975,71.79829262286705,48.0,76.37816697713232,4.93946856222686,26.650742305050144,positive
69.01199583136452,82.29858661504491,48.0,85.15013748665436,50.088487373046355,28.83874243860438,positive
64.44820193649022,50.073338617983595,48.0,82.18463249872771,45.49126843131381,25.077113025929386,positive
70.09098482596117,8.775737058043724,48.0,47.88336204399668,56.209952802759766,27.83160705035488,positive
70.63614867103942,76.37044321121111,48.0,76.21537133015704,39.26143216813307,19.525108831756413,positive
71.96124295458122,84.0,48.0,85.42264334949644,57.56441350220218,34.372068127165356,positive
71.97119266061019,80.09531604557498,48.0,85.9341906596604,57.612206071983515,27.09680498684889,positive
77.66495129607394,67.94459213110576,48.0,52.32877184943327,4.0,30.89493341536103,positive
36.929938893393924,50.08789159438232,1.0,70.41443045912419,56.61558195440816,51.187114132817825,positive
67.35020061436578,83.16341544129571,48.0,73.0,4.966461322730621,10.613352178865313,positive
70.91541928573787,72.04462529886027,48.0,72.69064880968858,44.73495936351894,33.26833548677929,positive
54.47651853475835,79.83275609444217,48.0,53.04429456359946,35.14176803374678,36.77840061849703,positive
73.39100531377561,83.77601229626865,48.0,77.03282995943701,55.05813120325107,26.881522416015898,positive
65.91001741215763,50.32591912974107,48.0,77.74657812074311,40.7920011851164,22.042958653274226,positive
74.04903414173133,76.0,48.0,83.67917575177577,55.98212490033195,22.347110765152475,positive
