0.68,0.49,1.0,0.5,0.62,0.55,0.28,negative
0.12,0.67,0.48,0.5,0.74,0.58,0.63,negative
0.75,0.84,0.48,0.5,0.35,0.52,0.33,negative
0.52,0.44,0.48,0.5,0.37,0.36,0.42,negative
0.87,0.49,0.48,0.5,0.61,0.76,0.79,positive
0.47,0.29,0.48,0.5,0.51,0.33,0.43,negative
0.41,0.51,0.48,0.5,0.58,0.2,0.31,negative
0.41,0.51,0.48,0.5,0.53,0.75,0.78,negative
0.35,0.34,0.48,0.5,0.46,0.3,0.27,negative
0.44,0.35,0.48,0.5,0.55,0.55,0.61,negative
0.76,0.71,0.48,0.5,0.5,0.71,0.75,positive
0.76,0.41,0.48,0.5,0.5,0.59,0.62,positive
0.3,0.37,0.48,0.5,0.43,0.18,0.3,negative
0.39,0.41,0.48,0.5,0.52,0.72,0.75,negative
0.55,0.47,0.48,0.5,0.57,0.78,0.8,negative
0.81,0.52,0.48,0.5,0.57,0.78,0.8,positive
0.43,0.39,0.48,0.5,0.47,0.31,0.41,negative
0.78,0.44,0.48,0.5,0.45,0.73,0.68,positive
0.69,0.59,0.48,0.5,0.46,0.44,0.52,negative
0.64,0.66,0.48,0.5,0.41,0.39,0.2,negative
0.41,0.48,0.48,0.5,0.51,0.44,0.51,negative
0.63,0.75,0.48,0.5,0.64,0.73,0.66,negative
0.36,0.54,0.48,0.5,0.41,0.38,0.46,negative
0.37,0.5,0.48,0.5,0.42,0.36,0.45,negative
0.37,0.47,0.48,0.5,0.39,0.76,0.79,negative
0.44,0.56,0.48,0.5,0.5,0.46,0.54,negative
0.84,0.49,0.48,0.5,0.55,0.78,0.74,positive
0.3,0.45,0.48,0.5,0.36,0.21,0.32,negative
0.52,0.57,0.48,0.5,0.42,0.47,0.54,negative
0.06,0.61,0.48,0.5,0.49,0.92,0.37,negative
0.4,0.5,0.48,0.5,0.65,0.82,0.84,negative
0.51,0.4,0.48,0.5,0.57,0.62,0.67,negative
0.29,0.47,0.48,0.5,0.41,0.23,0.34,negative
0.45,0.4,0.48,0.5,0.61,0.74,0.77,negative
0.74,0.7,0.48,0.5,0.66,0.65,0.69,negative
0.85,0.53,0.48,0.5,0.53,0.52,0.35,negative
0.44,0.34,0.48,0.5,0.3,0.33,0.43,negative
0.39,0.31,0.48,0.5,0.38,0.34,0.43,negative
0.51,0.37,0.48,0.5,0.35,0.36,0.45,negative
0.81,0.44,0.48,0.5,0.42,0.67,0.68,positive
0.74,0.44,0.48,0.5,0.55,0.88,0.89,negative
0.5,0.66,0.48,0.5,0.31,0.92,0.92,negative
0.33,0.47,0.48,0.5,0.53,0.18,0.29,negative
0.41,0.57,0.48,0.5,0.39,0.21,0.32,negative
0.77,0.57,0.48,0.5,0.88,0.53,0.2,negative
0.64,0.57,0.48,0.5,0.7,0.33,0.26,negative
0.27,0.35,0.48,0.5,0.51,0.77,0.79,negative
0.59,0.61,0.48,0.5,0.42,0.42,0.37,negative
0.56,0.4,0.48,0.5,0.49,0.37,0.46,negative
0.61,0.36,0.48,0.5,0.49,0.35,0.44,negative
0.68,0.82,0.48,0.5,0.38,0.65,0.56,negative
0.36,0.41,0.48,0.5,0.48,0.47,0.54,negative
0.27,0.42,0.48,0.5,0.37,0.38,0.43,negative
0.31,0.44,0.48,0.5,0.5,0.79,0.82,negative
0.34,0.49,0.48,0.5,0.58,0.85,0.8,negative
0.16,0.43,0.48,0.5,0.54,0.27,0.37,negative
0.67,0.61,0.48,0.5,0.51,0.37,0.38,negative
0.51,0.5,0.48,0.5,0.46,0.32,0.35,negative
0.47,0.46,0.48,0.5,0.62,0.74,0.77,positive
0.63,0.69,0.48,0.5,0.65,0.41,0.28,negative
0.22,0.34,0.48,0.5,0.42,0.29,0.39,negative
0.64,0.78,0.48,0.5,0.5,0.36,0.38,negative
0.63,0.8,0.48,0.5,0.46,0.31,0.29,negative
0.59,0.49,0.48,0.5,0.52,0.45,0.36,negative
0.21,0.51,0.48,0.5,0.5,0.32,0.41,negative
0.78,0.33,0.48,0.5,0.57,0.77,0.79,positive
0.35,0.37,0.48,0.5,0.3,0.34,0.43,negative
0.54,0.49,0.48,0.5,0.4,0.87,0.88,negative
0.23,0.34,0.48,0.5,0.43,0.26,0.37,negative
0.65,0.47,0.48,0.5,0.59,0.3,0.4,negative
0.6,0.76,1.0,0.5,0.77,0.59,0.52,negative
0.63,0.65,0.48,0.5,0.66,0.67,0.71,negative
0.53,0.42,0.48,0.5,0.16,0.29,0.39,negative
0.62,0.83,0.48,0.5,0.46,0.36,0.4,negative
0.3,0.51,0.48,0.5,0.42,0.61,0.34,negative
0.66,0.71,0.48,0.5,0.41,0.5,0.35,negative
0.66,0.48,0.48,0.5,0.54,0.7,0.74,positive
0.48,0.42,0.48,0.5,0.45,0.25,0.35,negative
0.44,0.51,0.48,0.5,0.47,0.26,0.36,negative
0.52,0.36,0.48,0.5,0.41,0.28,0.38,negative
0.21,0.34,0.48,0.5,0.51,0.28,0.39,negative
0.31,0.23,0.48,0.5,0.73,0.05,0.14,negative
0.43,0.37,0.48,0.5,0.53,0.35,0.44,negative
0.83,0.48,0.48,0.5,0.65,0.76,0.79,positive
0.72,0.86,0.48,0.5,0.17,0.55,0.21,negative
0.47,0.47,0.48,0.5,0.22,0.16,0.26,negative
0.41,0.43,0.48,0.5,0.45,0.31,0.41,negative
0.23,0.4,0.48,0.5,0.39,0.28,0.38,negative
0.63,0.54,0.48,0.5,0.65,0.79,0.81,negative
0.74,0.47,0.48,0.5,0.5,0.57,0.42,negative
0.71,0.71,0.48,0.5,0.4,0.54,0.39,negative
0.6,0.5,1.0,0.5,0.54,0.77,0.8,negative
0.64,0.45,0.48,0.5,0.67,0.61,0.66,positive
0.63,0.49,0.48,0.5,0.79,0.45,0.28,negative
0.63,0.71,0.48,0.5,0.6,0.4,0.39,negative
0.24,0.41,0.48,0.5,0.49,0.23,0.34,negative
0.44,0.49,0.48,0.5,0.39,0.38,0.4,negative
0.49,0.61,1.0,0.5,0.56,0.71,0.74,positive
0.24,0.43,0.48,0.5,0.37,0.28,0.38,negative
0.34,0.28,0.48,0.5,0.41,0.35,0.44,negative
0.33,0.37,0.48,0.5,0.46,0.65,0.69,negative
0.25,0.4,0.48,0.5,0.47,0.33,0.42,negative
0.38,0.3,0.48,0.5,0.43,0.29,0.39,negative
0.61,0.45,0.48,0.5,0.48,0.35,0.41,negative
0.68,0.67,0.48,0.5,0.49,0.4,0.34,negative
0.61,0.66,0.48,0.5,0.46,0.87,0.88,negative
0.39,0.32,0.48,0.5,0.46,0.24,0.35,negative
0.69,0.67,0.48,0.5,0.3,0.39,0.24,negative
0.84,0.54,0.48,0.5,0.75,0.92,0.7,positive
0.29,0.41,0.48,0.5,0.48,0.38,0.46,negative
0.44,0.52,0.48,0.5,0.43,0.47,0.54,negative
0.28,0.33,0.48,0.5,0.45,0.22,0.33,negative
0.3,0.16,0.48,0.5,0.56,0.11,0.23,negative
0.51,0.46,0.48,0.5,0.58,0.31,0.41,negative
0.76,0.73,0.48,0.5,0.44,0.39,0.39,negative
0.69,0.8,0.48,0.5,0.46,0.57,0.26,negative
0.73,0.84,0.48,0.5,0.86,0.58,0.29,negative
0.42,0.38,0.48,0.5,0.54,0.34,0.43,negative
0.74,0.74,0.48,0.5,0.31,0.53,0.52,negative
0.35,0.48,0.48,0.5,0.56,0.4,0.48,negative
0.83,0.37,0.48,0.5,0.61,0.71,0.74,negative
0.24,0.57,0.48,0.5,0.63,0.34,0.43,negative
0.63,0.51,0.48,0.5,0.64,0.72,0.76,positive
0.3,0.37,0.48,0.5,0.59,0.41,0.49,negative
0.23,0.58,0.48,0.5,0.37,0.53,0.59,negative
0.89,0.55,0.48,0.5,0.51,0.72,0.76,negative
0.81,0.53,0.48,0.5,0.57,0.87,0.88,positive
0.65,0.55,0.48,0.5,0.34,0.37,0.28,negative
0.68,0.76,0.48,0.5,0.84,0.45,0.27,negative
0.66,0.74,0.48,0.5,0.31,0.38,0.43,negative
0.31,0.47,0.48,0.5,0.29,0.28,0.39,negative
0.75,0.76,0.48,0.5,0.83,0.57,0.3,negative
0.47,0.59,0.48,0.5,0.52,0.76,0.79,negative
0.88,0.42,0.48,0.5,0.52,0.73,0.75,positive
0.29,0.39,0.48,0.5,0.52,0.4,0.48,negative
0.67,0.84,0.48,0.5,0.74,0.54,0.37,negative
0.38,0.4,0.48,0.5,0.63,0.25,0.35,negative
0.36,0.39,0.48,0.5,0.48,0.22,0.23,negative
0.16,0.51,0.48,0.5,0.33,0.39,0.48,negative
0.4,0.29,0.48,0.5,0.42,0.35,0.44,negative
0.24,0.34,0.48,0.5,0.38,0.3,0.4,negative
0.0,0.51,0.48,0.5,0.35,0.67,0.44,negative
0.86,0.55,0.48,0.5,0.63,0.81,0.83,positive
0.68,0.63,0.48,0.5,0.73,0.4,0.3,negative
0.37,0.52,0.48,0.5,0.42,0.42,0.36,negative
0.78,0.68,0.48,0.5,0.83,0.4,0.29,negative
0.58,0.34,0.48,0.5,0.56,0.87,0.81,negative
0.35,0.51,0.48,0.5,0.61,0.71,0.74,negative
0.71,0.46,1.0,0.5,0.52,0.59,0.3,negative
0.73,0.36,0.48,0.5,0.53,0.91,0.92,negative
0.68,0.78,0.48,0.5,0.43,0.44,0.42,negative
0.26,0.5,0.48,0.5,0.44,0.32,0.41,negative
0.63,0.49,0.48,0.5,0.54,0.76,0.79,negative
0.4,0.45,0.48,0.5,0.38,0.22,0.0,negative
0.58,0.55,0.48,0.5,0.57,0.7,0.74,negative
0.32,0.42,0.48,0.5,0.35,0.28,0.38,negative
0.34,0.55,0.48,0.5,0.58,0.31,0.41,negative
0.36,0.47,0.48,0.5,0.51,0.69,0.72,negative
0.34,0.45,0.48,0.5,0.38,0.24,0.35,negative
0.64,0.76,0.48,0.5,0.45,0.35,0.38,negative
0.34,0.51,0.48,0.5,0.67,0.9,0.9,negative
0.33,0.45,0.48,0.5,0.52,0.32,0.41,negative
0.29,0.28,0.48,0.5,0.5,0.42,0.5,negative
0.25,0.51,0.48,0.5,0.37,0.42,0.5,negative
0.44,0.42,0.48,0.5,0.42,0.25,0.2,negative
0.77,0.57,1.0,0.5,0.37,0.54,0.01,negative
0.63,0.65,0.48,0.5,0.39,0.44,0.35,negative
0.63,0.83,0.48,0.5,0.4,0.39,0.19,negative
0.61,0.6,0.48,0.5,0.44,0.39,0.38,negative
0.7,0.53,0.48,0.5,0.7,0.86,0.87,positive
0.72,0.42,0.48,0.5,0.65,0.77,0.79,positive
0.57,0.38,0.48,0.5,0.06,0.49,0.33,positive
0.43,0.4,0.48,0.5,0.39,0.28,0.39,negative
0.43,0.4,0.48,0.5,0.58,0.75,0.78,negative
0.67,0.81,0.48,0.5,0.25,0.42,0.25,negative
0.22,0.36,0.48,0.5,0.35,0.39,0.47,negative
0.7,0.39,1.0,0.5,0.51,0.82,0.84,negative
0.68,0.51,0.48,0.5,0.71,0.75,0.78,negative
0.48,0.45,0.48,0.5,0.6,0.78,0.8,negative
0.23,0.48,0.48,0.5,0.59,0.88,0.89,negative
0.52,0.39,0.48,0.5,0.65,0.71,0.73,negative
0.44,0.27,0.48,0.5,0.55,0.52,0.58,negative
0.36,0.56,0.48,0.5,0.43,0.45,0.53,negative
0.33,0.45,0.48,0.5,0.45,0.88,0.89,negative
0.11,0.5,0.48,0.5,0.58,0.72,0.68,negative
0.4,0.41,0.48,0.5,0.55,0.22,0.33,negative
0.63,0.57,0.48,0.5,0.49,0.7,0.2,negative
0.7,0.64,0.48,0.5,0.47,0.51,0.47,negative
0.4,0.35,0.48,0.5,0.45,0.33,0.42,negative
0.29,0.37,0.48,0.5,0.48,0.44,0.52,negative
0.29,0.52,0.48,0.5,0.42,0.29,0.39,negative
0.4,0.42,0.48,0.5,0.37,0.27,0.27,negative
0.61,0.47,0.48,0.5,0.0,0.8,0.32,negative
0.48,0.49,0.48,0.5,0.52,0.77,0.71,negative
0.28,0.38,0.48,0.5,0.5,0.33,0.42,negative
0.32,0.33,0.48,0.5,0.6,0.06,0.2,negative
0.67,0.7,0.48,0.5,0.46,0.45,0.33,negative
0.6,0.46,0.48,0.5,0.45,0.81,0.83,negative
0.22,0.43,0.48,0.5,0.48,0.16,0.28,negative
0.34,0.67,0.48,0.5,0.52,0.76,0.79,negative
0.67,0.39,0.48,0.5,0.36,0.38,0.46,negative
0.64,0.72,0.48,0.5,0.49,0.42,0.19,negative
0.67,0.88,0.48,0.5,0.73,0.5,0.25,negative
0.17,0.39,0.48,0.5,0.53,0.3,0.39,negative
0.25,0.37,0.48,0.5,0.43,0.26,0.36,negative
0.29,0.47,0.48,0.5,0.71,0.65,0.69,negative
0.63,0.5,0.48,0.5,0.59,0.85,0.86,negative
0.77,0.55,0.48,0.5,0.51,0.78,0.74,positive
0.69,0.59,0.48,0.5,0.77,0.39,0.21,negative
0.67,0.37,0.48,0.5,0.54,0.64,0.68,positive
0.46,0.59,0.48,0.5,0.36,0.76,0.23,negative
0.07,0.4,0.48,0.5,0.54,0.35,0.44,negative
0.12,0.43,0.48,0.5,0.63,0.7,0.74,negative
0.34,0.35,0.48,0.5,0.51,0.49,0.56,negative
0.74,0.9,0.48,0.5,0.57,0.53,0.29,negative
0.84,0.44,0.48,0.5,0.48,0.71,0.74,negative
0.54,0.47,0.48,0.5,0.28,0.33,0.42,negative
0.71,0.52,0.48,0.5,0.64,1.0,0.99,negative
0.56,0.68,0.48,0.5,0.77,0.36,0.45,negative
0.7,0.71,0.48,0.5,0.42,0.84,0.85,negative
0.56,0.54,0.48,0.5,0.43,0.37,0.3,negative
0.56,0.51,0.48,0.5,0.34,0.37,0.46,negative
0.43,0.32,0.48,0.5,0.33,0.45,0.52,negative
0.37,0.44,0.48,0.5,0.42,0.39,0.47,negative
0.33,0.56,0.48,0.5,0.33,0.78,0.8,negative
0.59,0.56,0.48,0.5,0.55,0.8,0.82,negative
0.49,0.43,0.48,0.5,0.49,0.3,0.4,negative
0.52,0.81,0.48,0.5,0.72,0.38,0.38,negative
0.36,0.45,0.48,0.5,0.38,0.79,0.17,negative
0.26,0.4,0.48,0.5,0.36,0.26,0.37,negative
0.7,0.61,0.48,0.5,0.56,0.52,0.43,negative
0.42,0.3,0.48,0.5,0.48,0.26,0.36,negative
0.67,0.81,0.48,0.5,0.54,0.49,0.23,negative
0.64,0.46,0.48,0.5,0.48,0.73,0.76,positive
0.66,0.86,0.48,0.5,0.34,0.41,0.36,negative
0.04,0.31,0.48,0.5,0.41,0.29,0.39,negative
0.52,0.54,0.48,0.5,0.62,0.76,0.79,negative
0.27,0.3,0.48,0.5,0.71,0.28,0.39,negative
0.24,0.43,0.48,0.5,0.54,0.52,0.59,negative
0.23,0.33,0.48,0.5,0.43,0.33,0.43,negative
0.66,0.49,1.0,0.5,0.54,0.56,0.36,negative
0.5,0.57,0.48,0.5,0.71,0.61,0.66,negative
0.41,0.43,0.48,0.5,0.5,0.24,0.25,negative
0.63,0.42,0.48,0.5,0.48,0.77,0.8,positive
0.38,0.46,0.48,0.5,0.48,0.22,0.29,negative
0.58,0.6,0.48,0.5,0.59,0.73,0.76,positive
0.31,0.5,0.48,0.5,0.57,0.84,0.85,negative
0.5,0.37,0.48,0.5,0.66,0.64,0.69,negative
0.46,0.61,0.48,0.5,0.48,0.86,0.87,negative
0.34,0.51,0.48,0.5,0.44,0.37,0.46,negative
0.74,0.56,0.48,0.5,0.47,0.68,0.3,negative
0.29,0.3,0.48,0.5,0.45,0.03,0.17,negative
0.64,0.81,0.48,0.5,0.37,0.39,0.44,negative
0.17,0.52,0.48,0.5,0.49,0.37,0.46,negative
0.65,0.51,0.48,0.5,0.66,0.54,0.33,negative
0.71,0.71,0.48,0.5,0.68,0.43,0.36,negative
0.53,0.38,0.48,0.5,0.44,0.26,0.36,negative
0.47,0.55,0.48,0.5,0.58,0.71,0.75,negative
0.86,0.39,0.48,0.5,0.59,0.89,0.9,positive
0.67,0.55,1.0,0.5,0.66,0.58,0.16,negative
0.51,0.54,0.48,0.5,0.41,0.34,0.43,negative
0.57,0.59,0.48,0.5,0.39,0.47,0.33,negative
0.69,0.65,0.48,0.5,0.63,0.48,0.41,negative
0.43,0.59,0.48,0.5,0.52,0.49,0.56,negative
0.71,0.57,0.48,0.5,0.48,0.35,0.32,negative
0.7,0.4,0.48,0.5,0.56,0.86,0.83,negative
0.48,0.41,0.48,0.5,0.51,0.9,0.88,negative
0.34,0.46,0.48,0.5,0.52,0.35,0.44,negative
0.79,0.36,0.48,0.5,0.46,0.82,0.7,positive
0.7281024539907386,0.39899253320469796,0.48,0.5,0.5299253076096022,0.6048532742593595,0.6641331846825941,positive
0.6475278282082039,0.5362963342991517,0.48,0.5,0.6761122591620883,0.844770391702104,0.8265968377137202,positive
0.6391556017918932,0.4563390210092456,0.48,0.5,0.48,0.7334194913127621,0.7783933008962558,positive
0.7881236009259173,0.44,0.48,0.5,0.4409653468969904,0.7191942599634062,0.68,positive
0.8571134909680777,0.5437291655528813,0.48,0.5,0.7232481627354133,0.8352414293673794,0.828561382972023,positive
0.8214960970613256,0.5052988257275406,0.48,0.5,0.5649858428221326,0.78,0.788080221640455,positive
0.6567338079930304,0.4694694822087625,0.48,0.5,0.5234704486967191,0.7084557364759605,0.7586540056831924,positive
0.7975054254914801,0.537732045030725,0.48,0.5,0.5389362530569556,0.78,0.7476774903814801,positive
0.8227305487324501,0.35986584333024896,0.48,0.5,0.6028993888649277,0.749524185243843,0.7668822728655676,positive
0.6968032069484245,0.485369917980667,0.48,0.5,0.675137821542067,0.7639473152926246,0.780877750724692,positive
0.5585625888714751,0.39816739792375333,0.48,0.5,0.10611519255493339,0.34843193077569234,0.36774789217266013,positive
0.7266833765152972,0.71,0.48,0.5,0.4999371167801683,0.7824862095287559,0.7608725650692569,positive
0.7945094712719839,0.44,0.48,0.5,0.44075456161404925,0.6725035750258952,0.68,positive
0.7848288709086605,0.42787564229953146,0.48,0.5,0.4530071833094118,0.8010271560340694,0.6970435344717139,positive
0.47808953989436154,0.4584378320781578,0.48,0.5,0.6001273866846764,0.7520921745819605,0.7769211727346791,positive
0.828561126647539,0.5043777428661256,0.48,0.5,0.5502683684614146,0.78,0.7740578538528081,positive
0.63,0.5346941071535884,0.48,0.5,0.6478376199644853,0.7853340913886117,0.7957715329371923,positive
0.7478789878,0.4212841732850765,0.48,0.5,0.5762250138772089,0.8897793496814246,0.8930993228326296,positive
0.8491047015336082,0.48572390959688205,0.48,0.5,0.6366887741356775,0.76,0.79,positive
0.5390056252654252,0.5734484511025516,1.0,0.5,0.5450153656448086,0.7491937712302781,0.7542992700205775,positive
0.869773096721455,0.4281136278306472,0.48,0.5,0.4974607485316066,0.7180350234213019,0.7424282166592399,positive
0.8653277842804611,0.5184879681425264,0.48,0.5,0.6285285386505965,0.7802106506604457,0.8141713880425034,positive
0.6311229358592012,0.4680904746797905,0.48,0.5,0.6646960048193932,0.6743533426213377,0.7085605445133709,positive
0.58,0.5972438214518251,0.48,0.5,0.5707402165486565,0.723883268823564,0.7438802887787771,positive
0.8692720956926551,0.48974254981186327,0.48,0.5,0.6216108686612634,0.76,0.79,positive
0.841231083711381,0.5380095368699156,0.48,0.5,0.5852093402619584,0.8221830319622309,0.879252022556247,positive
0.6877699522794558,0.4040950212583321,0.48,0.5,0.5117841450120494,0.6109707090757571,0.6641923105938445,positive
0.6395751748508067,0.4412286045078204,0.48,0.5,0.48,0.7543560054617646,0.7658542305412576,positive
0.7533641680638185,0.38222477611124916,0.48,0.5,0.5121563212476838,0.5958990234615975,0.6641429165582321,positive
0.6977242243709206,0.5342979491753269,0.48,0.5,0.6835659853004219,0.8448910707598878,0.8542368350908575,positive
0.6391058983229196,0.454208569334405,0.48,0.5,0.48,0.7569465132481581,0.7685239920728131,positive
0.8073614385159478,0.44,0.48,0.5,0.43667616051872893,0.7009495222685285,0.68,positive
0.8436175089824435,0.5492786337020432,0.48,0.5,0.7188994558990822,0.9033505456380443,0.7908731325365572,positive
0.8171682346934823,0.5108585141237931,0.48,0.5,0.5599537099395742,0.78,0.7916042933792689,positive
0.6403508761713703,0.47479017613061203,0.48,0.5,0.5308986465374401,0.7052813364550434,0.7566041170307972,positive
0.7748268556311849,0.541768614863156,0.48,0.5,0.5144399144755595,0.78,0.778274837400821,positive
0.7817104425453406,0.3549466947214301,0.48,0.5,0.609760501781568,0.7522323972887796,0.755820669126486,positive
0.688572987115869,0.4801701935578103,0.48,0.5,0.6900099815607937,0.754741825630285,0.7849517619305095,positive
0.5502552801948956,0.39776726062404694,0.48,0.5,0.11248291826942525,0.44584472299918165,0.34647920866627974,positive
0.7387012793130264,0.71,0.48,0.5,0.4832480211867327,0.8068116749583465,0.7546321589823486,positive
0.8055360875034593,0.44,0.48,0.5,0.4305684664944421,0.6944547303750848,0.68,positive
0.7807683995164597,0.42438948338065374,0.48,0.5,0.45415384849224133,0.7591801197735403,0.68211529296106,positive
0.47150030600668785,0.45645539831186666,0.48,0.5,0.6054047615438558,0.7717757097555021,0.7776288201769485,positive
0.8334804858413216,0.5132573694636337,0.48,0.5,0.568605955461815,0.78,0.7952536875026046,positive
0.63,0.5371196740052899,0.48,0.5,0.6402907103856207,0.7405611581071745,0.7865575205301946,positive
0.7988073358080404,0.4187953211654717,0.48,0.5,0.577254313709501,0.8843478623144451,0.8940512533332284,positive
0.8440336861782876,0.48564820929797514,0.48,0.5,0.6199517071093723,0.76,0.79,positive
0.5214252534625389,0.5766517647374578,1.0,0.5,0.5537080208970975,0.7535877440514158,0.7566886658209919,positive
0.8747199032588222,0.4314647696945906,0.48,0.5,0.5106192407951737,0.7245175345967444,0.7448066540275249,positive
0.8616206643630564,0.5133331427760154,0.48,0.5,0.6117367733843243,0.8003008040052157,0.7914150339831815,positive
0.6342087209056181,0.4688774592034476,0.48,0.5,0.6470686056369689,0.685374247862464,0.7043180547160125,positive
0.58,0.5751597445955732,0.48,0.5,0.5828888481373512,0.7091000654812719,0.7407970668727674,positive
0.8529025221546361,0.4862377457682243,0.48,0.5,0.6306533927297258,0.76,0.79,positive
0.8426261318040065,0.5449119371316733,0.48,0.5,0.589461003207101,0.8328885186300142,0.879808698594437,positive
0.7477423937276557,0.3904029754424831,0.48,0.5,0.5348739043612373,0.6383507907063337,0.6642729200438364,positive
0.630067479412293,0.4414661195714885,0.48,0.5,0.48,0.7611046835478221,0.7867667145888199,positive
0.7353743456039594,0.40975732602280834,0.48,0.5,0.516031296021563,0.633233996623961,0.6234969176107912,positive
0.6607561388750193,0.5370859721086101,0.48,0.5,0.6699510095029302,0.8138927610809028,0.8594057062707338,positive
0.635084566948037,0.42099219617225925,0.48,0.5,0.48,0.7614076167001069,0.7741283709206027,positive
0.8012119030934336,0.44,0.48,0.5,0.4362356755021527,0.6855657640133012,0.68,positive
0.8411237783897854,0.5404293796204777,0.48,0.5,0.7432463694885123,0.8659996638886338,0.780313459579086,positive
0.8151435228590581,0.5181408019069831,0.48,0.5,0.5636983930801925,0.78,0.7710806062736651,positive
0.6406262834294284,0.4609438607612406,0.48,0.5,0.4817839586678201,0.7128764957531124,0.7434205778097295,positive
0.8040386163879419,0.5244687622107022,0.48,0.5,0.5100052549223854,0.78,0.7478588880201437,positive
0.8027583569304124,0.3532019484707492,0.48,0.5,0.6064626270729575,0.7104310233846669,0.7816705097398097,positive
0.6949906001202061,0.4549807028763805,0.48,0.5,0.6645562200025912,0.7649895413518862,0.7822446271449341,positive
0.5606737417088338,0.4142201438318386,0.48,0.5,0.11231253521660481,0.3401423515228241,0.34625178720799654,positive
0.7520312040848192,0.71,0.48,0.5,0.49156619962056525,0.8034939974775158,0.8164180103386558,positive
0.8034558604205267,0.44,0.48,0.5,0.434284235099127,0.7176548701110411,0.68,positive
0.7868319939606765,0.4184974595822285,0.48,0.5,0.4570591193157605,0.7312201627401383,0.6931942776214176,positive
0.4711637716389809,0.4573337170727976,0.48,0.5,0.6137611439307722,0.7643482450449368,0.7982749750148677,positive
0.8358450757026294,0.4967606686906453,0.48,0.5,0.5552429895652169,0.78,0.7541665762093942,positive
0.63,0.5279658820189618,0.48,0.5,0.6469702662942461,0.7395312453317422,0.7693957858498294,positive
0.7946042731950774,0.4040083302454568,0.48,0.5,0.5621871070701726,0.886041316046,0.8929178608549108,positive
0.8322072595771284,0.48191250533372043,0.48,0.5,0.6395461328597148,0.76,0.79,positive
0.510953664928113,0.6045333054242399,1.0,0.5,0.5425088715627538,0.7647391849376151,0.7408585108607035,positive
0.864337027778522,0.4393189823992186,0.48,0.5,0.4860101160277341,0.7133384845805868,0.7473995077164655,positive
0.8641195277367929,0.5312438360523115,0.48,0.5,0.6216398083148756,0.764422870367735,0.8007403002352735,positive
0.6394627146330573,0.48342856001498713,0.48,0.5,0.6493417929812516,0.6361268070989108,0.6985564239047755,positive
0.58,0.5500239038313527,0.48,0.5,0.5719614442930271,0.7016637019140068,0.7576819170385266,positive
0.8305644626409694,0.4839400538251927,0.48,0.5,0.6353469254163039,0.76,0.79,positive
0.8586407869654554,0.5376121505359336,0.48,0.5,0.6216258937578178,0.8221219210141507,0.8348111533127205,positive
0.7505875364373059,0.4086302520008009,0.48,0.5,0.5381279821120355,0.6065538324049622,0.6432095810831864,positive
0.6373201365803114,0.4365285255855955,0.48,0.5,0.48,0.7616018606755279,0.7978439347338618,positive
0.7101093265595181,0.39731872904702625,0.48,0.5,0.5320638705218672,0.6357301244289438,0.6340102490710207,positive
0.6555611254887,0.5374973613315159,0.48,0.5,0.6610943712811741,0.8340205973795067,0.8141103154928284,positive
0.6339520043190046,0.4322720393040377,0.48,0.5,0.48,0.7411263444730694,0.7737009483649604,positive
0.7815456586419722,0.44,0.48,0.5,0.44693005177579737,0.7126483633831083,0.68,positive
0.8473680711677872,0.5441598730278627,0.48,0.5,0.7109264225176872,0.8150754943475774,0.7308276213255367,positive
0.8342090462284361,0.5173751637086255,0.48,0.5,0.560710329674058,0.78,0.7666919136298915,positive
0.6568100745417816,0.4611757829445293,0.48,0.5,0.5246211014477536,0.7242188654230597,0.7558548397245675,positive
0.8085573879317314,0.5445544489033717,0.48,0.5,0.5136339326371903,0.78,0.7938947847719094,positive
0.8101161795177364,0.3345863479613405,0.48,0.5,0.6006113850805563,0.7362837716407569,0.7585232641933077,positive
0.6880318988864982,0.456163453834016,0.48,0.5,0.6608927650454909,0.7666511388600535,0.7837946355676971,positive
0.5519156285052601,0.39352563590627,0.48,0.5,0.14813016567975806,0.4858316789886178,0.3882114776384402,positive
0.7552403729577073,0.71,0.48,0.5,0.42889512044697314,0.8103238182982736,0.7826594747406885,positive
0.7926011008768943,0.44,0.48,0.5,0.4234258571443974,0.6805887324712983,0.68,positive
0.7802797081995212,0.37836306649976714,0.48,0.5,0.45159463318738996,0.7518215011015045,0.6919964257619723,positive
0.47502136639215153,0.453100761904379,0.48,0.5,0.6155823763748081,0.7495186096535962,0.7715677628680558,positive
0.8155639274761005,0.5195052916562339,0.48,0.5,0.5540326529238736,0.78,0.7566755123441843,positive
0.63,0.5291565676986996,0.48,0.5,0.6452616249980627,0.7541473862981012,0.7925205281731785,positive
0.8437007118033711,0.3937439458947471,0.48,0.5,0.5526963783858131,0.8804226442729505,0.8983553087545082,positive
0.8667154513267097,0.4898105645804569,0.48,0.5,0.6378149340054516,0.76,0.79,positive
0.5376071175622356,0.5890829994903217,1.0,0.5,0.5408552169409339,0.715817006088475,0.7813380826890219,positive
0.8526994365895676,0.4249102444532489,0.48,0.5,0.4913077546318127,0.7124841504940717,0.7453576443541713,positive
0.8620028431100671,0.5441252237946957,0.48,0.5,0.6158118830411825,0.7906321905550477,0.8298786801735857,positive
0.6339160977550852,0.4875344646336771,0.48,0.5,0.6697929230008324,0.6843910036619129,0.7147652695385279,positive
0.58,0.5540820028313151,0.48,0.5,0.5788303171317922,0.7264534591284514,0.7435986848398964,positive
0.8425671653305903,0.4848238313939245,0.48,0.5,0.6120122961519812,0.76,0.79,positive
0.813690459332941,0.5310609785539667,0.48,0.5,0.6068344616693948,0.8528657949066564,0.835199887423953,positive
0.7370786701203369,0.40872114165000306,0.48,0.5,0.5183988431905778,0.6100422717498278,0.6725014031639259,positive
0.6398461221744612,0.4309902024352379,0.48,0.5,0.48,0.7379897910314754,0.7819415145602668,positive
0.7317549492535018,0.3887733645057248,0.48,0.5,0.5117810215427748,0.5979354957892352,0.6398419519302313,positive
0.6430936814879804,0.5347750577874196,0.48,0.5,0.6519543904052573,0.8263216327923789,0.8678817147724653,positive
0.6302510646606113,0.45862153843410414,0.48,0.5,0.48,0.7597366969952413,0.7780996668832544,positive
0.7985663842331215,0.44,0.48,0.5,0.44149539335784416,0.6900017745544565,0.68,positive
0.8546528856306178,0.547611891330441,0.48,0.5,0.7181074357368861,0.895869782824346,0.7247695743466409,positive
0.8106538367894629,0.5161063288117019,0.48,0.5,0.552644188105648,0.78,0.7762428118955751,positive
0.6424039277119497,0.469332309213517,0.48,0.5,0.5191875218905109,0.7280482349259036,0.7413908520428717,positive
0.7854157263750134,0.521016995510843,0.48,0.5,0.5431923308922871,0.78,0.7918020013481506,positive
0.8234758177919905,0.33849692666366726,0.48,0.5,0.6077788533574775,0.7160257777406287,0.750763177317844,positive
0.699943579201752,0.48103509174481607,0.48,0.5,0.6761079956748486,0.7580916361026462,0.784426659594774,positive
0.5423552983547392,0.38427014673386006,0.48,0.5,0.1273487896716245,0.29047664683484054,0.34435396628346143,positive
0.7243823551962615,0.71,0.48,0.5,0.48746548467075146,0.7910270207255767,0.7570470324379696,positive
0.7874940528177247,0.44,0.48,0.5,0.42468505204253787,0.6857538894225482,0.68,positive
0.7885076652006283,0.41113204242153156,0.48,0.5,0.45822586262505555,0.7887650008152964,0.6845100590925414,positive
0.4725019843854674,0.45169053436341455,0.48,0.5,0.606538648915337,0.7414232745971132,0.7724663991616044,positive
0.8177443241538386,0.502773128737984,0.48,0.5,0.5597596016104988,0.78,0.7864185024479965,positive
0.63,0.5378808789313253,0.48,0.5,0.6462800200948845,0.7575326721438133,0.7766270773888247,positive
0.8469807228550045,0.41829814292795664,0.48,0.5,0.5618538844155594,0.8824874209447596,0.8970055618540107,positive
0.8388247094020286,0.4896773894139379,0.48,0.5,0.6341931255520151,0.76,0.79,positive
0.5978396632237697,0.5855603202909078,1.0,0.5,0.5592646017456118,0.7234235802396102,0.7428180153128023,positive
0.8558423913792104,0.4293772736360748,0.48,0.5,0.48079038765156384,0.7295726894597239,0.7433143142421476,positive
0.8616762907255017,0.5207786201072953,0.48,0.5,0.6170383418814186,0.765973474112131,0.7919033147122848,positive
0.6344993056811167,0.5079168763331978,0.48,0.5,0.6569110303886905,0.6428376816046155,0.6711123229446069,positive
0.58,0.580250023923705,0.48,0.5,0.5724597431473215,0.7259775925332576,0.741756646239597,positive
0.8439536129541423,0.4822138009679354,0.48,0.5,0.6388430439007158,0.76,0.79,positive
0.8304848138829786,0.5418883771660864,0.48,0.5,0.621048679057385,0.8420813455780893,0.8328405032915811,positive
0.6864055616294451,0.3983630059193941,0.48,0.5,0.5326779603881504,0.631347507671302,0.6481882845147998,positive
0.6379705842217323,0.42717836757654715,0.48,0.5,0.48,0.7650436305062291,0.7886043813950038,positive
0.7138881858497694,0.40459800898380305,0.48,0.5,0.5070589963310999,0.6029161506212619,0.6455614491556312,positive
0.6921748596037471,0.5318238448913281,0.48,0.5,0.6605757399043696,0.8170413173260882,0.8134587321301073,positive
0.6398105744685734,0.4590820002074387,0.48,0.5,0.48,0.7554565655688125,0.7642568432872303,positive
0.7884963209420002,0.44,0.48,0.5,0.4419946984649443,0.6977896956193957,0.68,positive
0.8401404156547789,0.5434713781245056,0.48,0.5,0.6544797263917604,0.8663273588218002,0.7612125218926313,positive
0.8368333239702431,0.49492670108603687,0.48,0.5,0.5649008978826408,0.78,0.7758433291125341,positive
0.6573681840426961,0.4715992074795766,0.48,0.5,0.510039490236652,0.705321610085968,0.7401005311237121,positive
0.7983480016656302,0.5225994984279929,0.48,0.5,0.5591654767621405,0.78,0.7467707455422371,positive
0.8212116204806983,0.3552964473648715,0.48,0.5,0.5708395129246658,0.7445534486965553,0.7746786041273596,positive
0.7151572404064059,0.49816962042247515,0.48,0.5,0.6675163491653092,0.7501936761525193,0.7886994197467845,positive
0.5610578737762754,0.38415034837346507,0.48,0.5,0.10810809027201125,0.38833112543603443,0.3480911834221272,positive
0.7083681561164078,0.71,0.48,0.5,0.484063355999085,0.839278414735423,0.8385596306611326,positive
0.7832863482359944,0.44,0.48,0.5,0.4379193209443546,0.7292505897444548,0.68,positive
0.7845265748333906,0.36097923956016975,0.48,0.5,0.4563031284789391,0.7929479473678704,0.6978904148469721,positive
0.47341846914887464,0.4578122058332471,0.48,0.5,0.6154165310027754,0.7638997914671104,0.7959643931953501,positive
0.8228773428089062,0.49002788467335323,0.48,0.5,0.5590579315379193,0.78,0.7666089831376429,positive
0.63,0.5202358541848828,0.48,0.5,0.6497045661740384,0.7420087649204195,0.7882605595293993,positive
0.8335237109797193,0.4077214177029318,0.48,0.5,0.5572942168238557,0.8847205009377624,0.894443652784576,positive
0.8635638455372362,0.4835200795842045,0.48,0.5,0.6308719182465932,0.76,0.79,positive
0.5530294839021259,0.5964298171128048,1.0,0.5,0.5534168484722931,0.7317548871293976,0.7469667148787071,positive
0.8711755125493823,0.4325252460909006,0.48,0.5,0.4860041599043244,0.7117174236526029,0.7432074170939457,positive
0.8662942458832212,0.5183663100932758,0.48,0.5,0.6198976658299303,0.7992640073399785,0.8190180500813452,positive
0.6341455423574966,0.4670136699681807,0.48,0.5,0.656144874222116,0.6260304949261439,0.689720775471338,positive
0.58,0.5645849329211612,0.48,0.5,0.5789879953540534,0.7157932552411523,0.7589050408460423,positive
0.8539145844912926,0.4879041897197166,0.48,0.5,0.615241358647247,0.76,0.79,positive
0.8151351982923167,0.5329151735519726,0.48,0.5,0.6163159586084088,0.819048274046485,0.8702600332969317,positive
0.7087428206653587,0.4095097195839653,0.48,0.5,0.5037598762261465,0.6094781047913005,0.6602845010969925,positive
0.6396023269454423,0.42919651381317747,0.48,0.5,0.48,0.7473980042263771,0.7628558252021616,positive
0.6981587895538963,0.40035839605680634,0.48,0.5,0.5394592551171813,0.5975978750401691,0.639214957069876,positive
0.6678418765787928,0.5349662074338345,0.48,0.5,0.6695445300569363,0.8365199927331922,0.8574715712200389,positive
0.6308488486602946,0.42463915473345715,0.48,0.5,0.48,0.7563611723257475,0.7788900997334401,positive
0.8037618199922331,0.44,0.48,0.5,0.4311948177794295,0.7076952125935732,0.68,positive
0.8411455193834115,0.5478493030782438,0.48,0.5,0.7452482900184022,0.8387941832387589,0.8167594578379211,positive
0.8372337888970066,0.5057087850704014,0.48,0.5,0.5682096818163634,0.78,0.7855925238749077,positive
0.655328881402171,0.47323992834906325,0.48,0.5,0.5250081949866328,0.7231682911578198,0.7514992288286082,positive
0.7808763308603476,0.5397792548952933,0.48,0.5,0.5124109332943879,0.78,0.7805783704607897,positive
0.8161128013639058,0.3478368391629495,0.48,0.5,0.6093061773907402,0.7650143019100026,0.7875733295714267,positive
0.7122034530893641,0.4902011410330527,0.48,0.5,0.6529122296803592,0.7674708068384775,0.7843527510502557,positive
0.5521933063423332,0.39649660869769215,0.48,0.5,0.1101142874170069,0.46397169495259016,0.37981771187230307,positive
0.7193373111401441,0.71,0.48,0.5,0.4563582810696851,0.7652153949171205,0.7744920278186667,positive
0.7936984577702627,0.44,0.48,0.5,0.43664998972925095,0.7153715992077401,0.68,positive
0.789940247849738,0.38715549796656157,0.48,0.5,0.4598526178843488,0.8158938044488495,0.6923541774280819,positive
0.47936409840355876,0.45131925736251854,0.48,0.5,0.6069510015369904,0.7557602295557607,0.7823727527719424,positive
0.8195234057577555,0.49993265823314226,0.48,0.5,0.5563291507117202,0.78,0.7568522148832816,positive
0.63,0.5323690009248211,0.48,0.5,0.6411122434060046,0.7545744108664132,0.7757045751563814,positive
0.7863466235585059,0.3905980900911047,0.48,0.5,0.5743788687765266,0.8826526597961373,0.8936249468031715,positive
0.835309965258176,0.4841486896573637,0.48,0.5,0.6284627805920965,0.76,0.79,positive
0.49546521026841234,0.5877966797292713,1.0,0.5,0.5432360873060375,0.711760680752844,0.7542467603797982,positive
0.8468968418080836,0.4285875140022648,0.48,0.5,0.5164271923671088,0.7203901175284444,0.7496017678855725,positive
0.867781263991498,0.51887640380719,0.48,0.5,0.6123435035455936,0.7613768551669508,0.826346502010498,positive
0.6353942972005704,0.4627640453420563,0.48,0.5,0.6491509854790121,0.6249278735967299,0.7309466220328555,positive
0.58,0.5562553830176968,0.48,0.5,0.5858093726736707,0.722426417235973,0.7497276018073907,positive
0.8552027185071767,0.48677787144428375,0.48,0.5,0.6311540140932174,0.76,0.79,positive
0.854762062044435,0.5426647867298007,0.48,0.5,0.5810230469805222,0.8687046249109156,0.847883268020236,positive
0.7203182564316485,0.3949051013255759,0.48,0.5,0.5359062664601482,0.5958279968313175,0.6272123060651723,positive
0.6385052952384626,0.4569478466257566,0.48,0.5,0.48,0.7467735649968746,0.7639865597121591,positive
0.7404709267266133,0.3751857818299481,0.48,0.5,0.5195644060461789,0.6306080056817638,0.6503918898015784,positive
0.6721977183348382,0.5361981918634302,0.48,0.5,0.6549433869790962,0.800589369395183,0.8161253991126264,positive
0.6325772054962816,0.4516997274580268,0.48,0.5,0.48,0.7456565091404862,0.7722133085917491,positive
0.785678887659894,0.44,0.48,0.5,0.42144340344054915,0.67708096599955,0.68,positive
0.8554286883031328,0.5406625211057742,0.48,0.5,0.7431249853676536,0.8942653940236562,0.8088537227329784,positive
0.8220368183166977,0.4923376025551268,0.48,0.5,0.5552100872336673,0.78,0.7402620795934223,positive
0.6457847822550848,0.4603338857694098,0.48,0.5,0.5386958350276838,0.7063449518990348,0.7464012016030223,positive
0.789396521680198,0.5492501825430307,0.48,0.5,0.5269127205146088,0.78,0.7734057779124812,positive
0.7936158580547173,0.36298263520598534,0.48,0.5,0.5986659359299176,0.7333968174196571,0.764377905237877,positive
0.6956258182893681,0.4291265818952882,0.48,0.5,0.705823909942839,0.7641807623878856,0.7832548681895393,positive
0.5494504372585656,0.41679643054774373,0.48,0.5,0.15047999292235045,0.4259304820596854,0.34747718954126544,positive
0.7280289805208099,0.71,0.48,0.5,0.43923141057299453,0.75445163183141,0.8384821350859561,positive
0.8064591467786167,0.44,0.48,0.5,0.42106025680092685,0.6961920512575903,0.68,positive
0.7854241126588846,0.362034519741686,0.48,0.5,0.45086739800501024,0.7447619883836705,0.6880740105741369,positive
0.4776090673896438,0.4530786208077816,0.48,0.5,0.6196574803213184,0.7660646131293591,0.7701031844663223,positive
0.8394978257994469,0.5068675220067221,0.48,0.5,0.5646601444048405,0.78,0.7449617010434365,positive
0.63,0.5191208728008325,0.48,0.5,0.6418118814242529,0.7398839560271477,0.767369867500349,positive
