0.07,0.4,0.48,0.5,0.54,0.35,0.44,negative
0.56,0.4,0.48,0.5,0.49,0.37,0.46,negative
0.59,0.49,0.48,0.5,0.52,0.45,0.36,negative
0.23,0.32,0.48,0.5,0.55,0.25,0.35,negative
0.67,0.39,0.48,0.5,0.36,0.38,0.46,negative
0.29,0.28,0.48,0.5,0.44,0.23,0.34,negative
0.21,0.34,0.48,0.5,0.51,0.28,0.39,negative
0.2,0.44,0.48,0.5,0.46,0.51,0.57,negative
0.42,0.4,0.48,0.5,0.56,0.18,0.3,negative
0.25,0.48,0.48,0.5,0.44,0.17,0.29,negative
0.39,0.32,0.48,0.5,0.46,0.24,0.35,negative
0.51,0.5,0.48,0.5,0.46,0.32,0.35,negative
0.22,0.43,0.48,0.5,0.48,0.16,0.28,negative
0.25,0.4,0.48,0.5,0.46,0.44,0.52,negative
0.34,0.45,0.48,0.5,0.38,0.24,0.35,negative
0.44,0.27,0.48,0.5,0.55,0.52,0.58,negative
0.23,0.4,0.48,0.5,0.39,0.28,0.38,negative
0.41,0.57,0.48,0.5,0.39,0.21,0.32,negative
0.31,0.23,0.48,0.5,0.73,0.05,0.14,negative
0.51,0.54,0.48,0.5,0.41,0.34,0.43,negative
0.3,0.16,0.48,0.5,0.56,0.11,0.23,negative
0.36,0.39,0.48,0.5,0.48,0.22,0.23,negative
0.25,0.4,0.48,0.5,0.47,0.33,0.42,negative
0.43,0.37,0.48,0.5,0.53,0.35,0.44,negative
0.43,0.39,0.48,0.5,0.47,0.31,0.41,negative
0.53,0.38,0.48,0.5,0.44,0.26,0.36,negative
0.34,0.33,0.48,0.5,0.38,0.35,0.44,negative
0.56,0.51,0.48,0.5,0.34,0.37,0.46,negative
0.4,0.29,0.48,0.5,0.42,0.35,0.44,negative
0.24,0.35,0.48,0.5,0.31,0.19,0.31,negative
0.36,0.54,0.48,0.5,0.41,0.38,0.46,negative
0.29,0.52,0.48,0.5,0.42,0.29,0.39,negative
0.32,0.42,0.48,0.5,0.35,0.28,0.38,negative
0.4,0.5,0.48,0.5,0.45,0.39,0.47,negative
0.28,0.38,0.48,0.5,0.5,0.33,0.42,negative
0.61,0.45,0.48,0.5,0.48,0.35,0.41,negative
0.17,0.38,0.48,0.5,0.45,0.42,0.5,negative
0.44,0.35,0.48,0.5,0.55,0.55,0.61,negative
0.43,0.4,0.48,0.5,0.39,0.28,0.39,negative
0.42,0.35,0.48,0.5,0.58,0.15,0.27,negative
0.23,0.33,0.48,0.5,0.43,0.33,0.43,negative
0.37,0.52,0.48,0.5,0.42,0.42,0.36,negative
0.29,0.3,0.48,0.5,0.45,0.03,0.17,negative
0.22,0.36,0.48,0.5,0.35,0.39,0.47,negative
0.23,0.58,0.48,0.5,0.37,0.53,0.59,negative
0.47,0.47,0.48,0.5,0.22,0.16,0.26,negative
0.54,0.47,0.48,0.5,0.28,0.33,0.42,negative
0.4,0.35,0.48,0.5,0.45,0.33,0.42,negative
0.42,0.38,0.48,0.5,0.54,0.34,0.43,negative
0.44,0.56,0.48,0.5,0.5,0.46,0.54,negative
0.52,0.36,0.48,0.5,0.41,0.28,0.38,negative
0.36,0.41,0.48,0.5,0.48,0.47,0.54,negative
0.18,0.3,0.48,0.5,0.46,0.24,0.35,negative
0.47,0.29,0.48,0.5,0.51,0.33,0.43,negative
0.25,0.37,0.48,0.5,0.41,0.33,0.42,negative
0.52,0.57,0.48,0.5,0.42,0.47,0.54,negative
0.25,0.37,0.48,0.5,0.43,0.26,0.36,negative
0.35,0.48,0.48,0.5,0.56,0.4,0.48,negative
0.26,0.26,0.48,0.5,0.34,0.25,0.35,negative
0.44,0.51,0.48,0.5,0.47,0.26,0.36,negative
0.37,0.5,0.48,0.5,0.42,0.36,0.45,negative
0.44,0.42,0.48,0.5,0.42,0.25,0.2,negative
0.24,0.43,0.48,0.5,0.37,0.28,0.38,negative
0.42,0.3,0.48,0.5,0.48,0.26,0.36,negative
0.48,0.42,0.48,0.5,0.45,0.25,0.35,negative
0.41,0.48,0.48,0.5,0.51,0.44,0.51,negative
0.44,0.28,0.48,0.5,0.43,0.27,0.37,negative
0.29,0.41,0.48,0.5,0.48,0.38,0.46,negative
0.34,0.28,0.48,0.5,0.41,0.35,0.44,negative
0.41,0.43,0.48,0.5,0.45,0.31,0.41,negative
0.29,0.47,0.48,0.5,0.41,0.23,0.34,negative
0.34,0.55,0.48,0.5,0.58,0.31,0.41,negative
0.36,0.56,0.48,0.5,0.43,0.45,0.53,negative
0.4,0.46,0.48,0.5,0.52,0.49,0.56,negative
0.5,0.49,0.48,0.5,0.49,0.46,0.53,negative
0.52,0.44,0.48,0.5,0.37,0.36,0.42,negative
0.53,0.42,0.48,0.5,0.16,0.29,0.39,negative
0.34,0.46,0.48,0.5,0.52,0.35,0.44,negative
0.4,0.42,0.48,0.5,0.37,0.27,0.27,negative
0.64,0.76,0.48,0.5,0.45,0.35,0.38,negative
0.35,0.37,0.48,0.5,0.3,0.34,0.43,negative
0.57,0.54,0.48,0.5,0.37,0.28,0.33,negative
0.51,0.46,0.48,0.5,0.58,0.31,0.41,negative
0.38,0.4,0.48,0.5,0.63,0.25,0.35,negative
0.24,0.57,0.48,0.5,0.63,0.34,0.43,negative
0.38,0.26,0.48,0.5,0.54,0.16,0.28,negative
0.33,0.47,0.48,0.5,0.53,0.18,0.29,negative
0.24,0.34,0.48,0.5,0.38,0.3,0.4,negative
0.26,0.5,0.48,0.5,0.44,0.32,0.41,negative
0.44,0.49,0.48,0.5,0.39,0.38,0.4,negative
0.43,0.32,0.48,0.5,0.33,0.45,0.52,negative
0.49,0.43,0.48,0.5,0.49,0.3,0.4,negative
0.47,0.28,0.48,0.5,0.56,0.2,0.25,negative
0.32,0.33,0.48,0.5,0.6,0.06,0.2,negative
0.34,0.35,0.48,0.5,0.51,0.49,0.56,negative
0.38,0.3,0.48,0.5,0.43,0.29,0.39,negative
0.41,0.51,0.48,0.5,0.58,0.2,0.31,negative
0.25,0.51,0.48,0.5,0.37,0.42,0.5,negative
0.29,0.28,0.48,0.5,0.5,0.42,0.5,negative
0.25,0.26,0.48,0.5,0.39,0.32,0.42,negative
0.24,0.41,0.48,0.5,0.49,0.23,0.34,negative
0.17,0.39,0.48,0.5,0.53,0.3,0.39,negative
0.04,0.31,0.48,0.5,0.41,0.29,0.39,negative
0.61,0.36,0.48,0.5,0.49,0.35,0.44,negative
0.34,0.51,0.48,0.5,0.44,0.37,0.46,negative
0.28,0.33,0.48,0.5,0.45,0.22,0.33,negative
0.4,0.46,0.48,0.5,0.42,0.35,0.44,negative
0.23,0.34,0.48,0.5,0.43,0.26,0.37,negative
0.0,0.38,0.48,0.5,0.42,0.48,0.55,negative
0.27,0.3,0.48,0.5,0.71,0.28,0.39,negative
0.17,0.52,0.48,0.5,0.49,0.37,0.46,negative
0.36,0.42,0.48,0.5,0.53,0.32,0.41,negative
0.3,0.37,0.48,0.5,0.43,0.18,0.3,negative
0.26,0.4,0.48,0.5,0.36,0.26,0.37,negative
0.22,0.34,0.48,0.5,0.42,0.29,0.39,negative
0.44,0.35,0.48,0.5,0.44,0.52,0.59,negative
0.27,0.42,0.48,0.5,0.37,0.38,0.43,negative
0.16,0.43,0.48,0.5,0.54,0.27,0.37,negative
0.44,0.52,0.48,0.5,0.43,0.47,0.54,negative
0.63,0.47,0.48,0.5,0.51,0.82,0.84,negative
0.23,0.48,0.48,0.5,0.59,0.88,0.89,negative
0.34,0.49,0.48,0.5,0.58,0.85,0.8,negative
0.43,0.4,0.48,0.5,0.58,0.75,0.78,negative
0.46,0.61,0.48,0.5,0.48,0.86,0.87,negative
0.27,0.35,0.48,0.5,0.51,0.77,0.79,negative
0.52,0.39,0.48,0.5,0.65,0.71,0.73,negative
0.29,0.47,0.48,0.5,0.71,0.65,0.69,negative
0.55,0.47,0.48,0.5,0.57,0.78,0.8,negative
0.12,0.67,0.48,0.5,0.74,0.58,0.63,negative
0.73,0.36,0.48,0.5,0.53,0.91,0.92,negative
0.84,0.44,0.48,0.5,0.48,0.71,0.74,negative
0.48,0.45,0.48,0.5,0.6,0.78,0.8,negative
0.54,0.49,0.48,0.5,0.4,0.87,0.88,negative
0.48,0.41,0.48,0.5,0.51,0.9,0.88,negative
0.5,0.66,0.48,0.5,0.31,0.92,0.92,negative
0.47,0.55,0.48,0.5,0.58,0.71,0.75,negative
0.33,0.56,0.48,0.5,0.33,0.78,0.8,negative
0.64,0.58,0.48,0.5,0.48,0.78,0.73,negative
0.54,0.57,0.48,0.5,0.56,0.81,0.83,negative
0.47,0.59,0.48,0.5,0.52,0.76,0.79,negative
0.63,0.5,0.48,0.5,0.59,0.85,0.86,negative
0.49,0.42,0.48,0.5,0.53,0.79,0.81,negative
0.31,0.5,0.48,0.5,0.57,0.84,0.85,negative
0.74,0.44,0.48,0.5,0.55,0.88,0.89,negative
0.33,0.45,0.48,0.5,0.45,0.88,0.89,negative
0.45,0.4,0.48,0.5,0.61,0.74,0.77,negative
0.5,0.37,0.48,0.5,0.66,0.64,0.69,negative
0.6,0.61,0.48,0.5,0.54,0.67,0.71,negative
0.34,0.51,0.48,0.5,0.67,0.9,0.9,negative
0.63,0.54,0.48,0.5,0.65,0.79,0.81,negative
0.7,0.4,0.48,0.5,0.56,0.86,0.83,negative
0.6,0.5,1.0,0.5,0.54,0.77,0.8,negative
0.16,0.51,0.48,0.5,0.33,0.39,0.48,negative
0.74,0.7,0.48,0.5,0.66,0.65,0.69,negative
0.89,0.55,0.48,0.5,0.51,0.72,0.76,negative
0.7,0.46,0.48,0.5,0.56,0.78,0.73,negative
0.61,0.52,0.48,0.5,0.54,0.67,0.52,negative
0.33,0.37,0.48,0.5,0.46,0.65,0.69,negative
0.63,0.65,0.48,0.5,0.66,0.67,0.71,negative
0.41,0.51,0.48,0.5,0.53,0.75,0.78,negative
0.34,0.67,0.48,0.5,0.52,0.76,0.79,negative
0.58,0.34,0.48,0.5,0.56,0.87,0.81,negative
0.59,0.56,0.48,0.5,0.55,0.8,0.82,negative
0.51,0.4,0.48,0.5,0.57,0.62,0.67,negative
0.5,0.57,0.48,0.5,0.71,0.61,0.66,negative
0.37,0.47,0.48,0.5,0.39,0.76,0.79,negative
0.36,0.47,0.48,0.5,0.51,0.69,0.72,negative
0.39,0.41,0.48,0.5,0.52,0.72,0.75,negative
0.35,0.51,0.48,0.5,0.61,0.71,0.74,negative
0.61,0.66,0.48,0.5,0.46,0.87,0.88,negative
0.48,0.49,0.48,0.5,0.52,0.77,0.71,negative
0.31,0.36,0.48,0.5,0.58,0.94,0.94,negative
0.68,0.51,0.48,0.5,0.71,0.75,0.78,negative
0.69,0.39,0.48,0.5,0.57,0.76,0.79,negative
0.52,0.54,0.48,0.5,0.62,0.76,0.79,negative
0.46,0.59,0.48,0.5,0.36,0.76,0.23,negative
0.36,0.45,0.48,0.5,0.38,0.79,0.17,negative
0.0,0.51,0.48,0.5,0.35,0.67,0.44,negative
0.1,0.49,0.48,0.5,0.41,0.67,0.21,negative
0.3,0.51,0.48,0.5,0.42,0.61,0.34,negative
0.61,0.47,0.48,0.5,0.0,0.8,0.32,negative
0.63,0.75,0.48,0.5,0.64,0.73,0.66,negative
0.71,0.52,0.48,0.5,0.64,1.0,0.99,negative
0.63,0.49,0.48,0.5,0.54,0.76,0.79,negative
0.75,0.55,1.0,1.0,0.4,0.47,0.3,negative
0.7,0.39,1.0,0.5,0.51,0.82,0.84,negative
0.72,0.42,0.48,0.5,0.65,0.77,0.79,negative
0.79,0.41,0.48,0.5,0.66,0.81,0.83,negative
0.69,0.43,0.48,0.5,0.59,0.74,0.77,negative
0.79,0.36,0.48,0.5,0.46,0.82,0.7,negative
0.78,0.33,0.48,0.5,0.57,0.77,0.79,negative
0.75,0.37,0.48,0.5,0.64,0.7,0.74,negative
0.59,0.29,0.48,0.5,0.64,0.75,0.77,negative
0.67,0.37,0.48,0.5,0.54,0.64,0.68,negative
0.66,0.48,0.48,0.5,0.54,0.7,0.74,negative
0.76,0.71,0.48,0.5,0.5,0.71,0.75,negative
0.84,0.49,0.48,0.5,0.55,0.78,0.74,negative
0.77,0.55,0.48,0.5,0.51,0.78,0.74,negative
0.81,0.44,0.48,0.5,0.42,0.67,0.68,negative
0.58,0.6,0.48,0.5,0.59,0.73,0.76,negative
0.63,0.42,0.48,0.5,0.48,0.77,0.8,negative
0.86,0.39,0.48,0.5,0.59,0.89,0.9,negative
0.47,0.46,0.48,0.5,0.62,0.74,0.77,negative
0.7,0.53,0.48,0.5,0.7,0.86,0.87,negative
0.81,0.52,0.48,0.5,0.57,0.78,0.8,negative
0.73,0.26,0.48,0.5,0.57,0.75,0.78,negative
0.49,0.61,1.0,0.5,0.56,0.71,0.74,negative
0.84,0.54,0.48,0.5,0.75,0.92,0.7,negative
0.63,0.51,0.48,0.5,0.64,0.72,0.76,negative
0.86,0.55,0.48,0.5,0.63,0.81,0.83,negative
0.79,0.54,0.48,0.5,0.5,0.66,0.68,negative
0.57,0.38,0.48,0.5,0.06,0.49,0.33,negative
0.78,0.44,0.48,0.5,0.45,0.73,0.68,negative
0.63,0.69,0.48,0.5,0.65,0.41,0.28,negative
0.67,0.88,0.48,0.5,0.73,0.5,0.25,negative
0.67,0.84,0.48,0.5,0.74,0.54,0.37,negative
0.74,0.9,0.48,0.5,0.57,0.53,0.29,negative
0.75,0.76,0.48,0.5,0.83,0.57,0.3,negative
0.77,0.57,0.48,0.5,0.88,0.53,0.2,negative
0.74,0.78,0.48,0.5,0.75,0.54,0.15,negative
0.52,0.81,0.48,0.5,0.72,0.38,0.38,negative
0.64,0.57,0.48,0.5,0.7,0.33,0.26,negative
0.69,0.59,0.48,0.5,0.77,0.39,0.21,negative
0.63,0.49,0.48,0.5,0.79,0.45,0.28,negative
0.68,0.63,0.48,0.5,0.73,0.4,0.3,negative
0.66,0.49,1.0,0.5,0.54,0.56,0.36,negative
0.68,0.49,1.0,0.5,0.62,0.55,0.28,negative
0.74,0.49,0.48,0.5,0.42,0.54,0.36,positive
0.66,0.86,0.48,0.5,0.34,0.41,0.36,positive
0.73,0.78,0.48,0.5,0.58,0.51,0.31,positive
0.72,0.86,0.48,0.5,0.17,0.55,0.21,positive
0.67,0.7,0.48,0.5,0.46,0.45,0.33,positive
0.67,0.81,0.48,0.5,0.54,0.49,0.23,positive
0.67,0.61,0.48,0.5,0.51,0.37,0.38,positive
0.63,1.0,0.48,0.5,0.35,0.51,0.49,positive
0.71,0.71,0.48,0.5,0.4,0.54,0.39,positive
0.66,0.74,0.48,0.5,0.31,0.38,0.43,positive
0.64,0.72,0.48,0.5,0.49,0.42,0.19,positive
0.68,0.82,0.48,0.5,0.38,0.65,0.56,positive
0.32,0.39,0.48,0.5,0.53,0.28,0.38,positive
0.7,0.64,0.48,0.5,0.47,0.51,0.47,positive
0.63,0.57,0.48,0.5,0.49,0.7,0.2,positive
0.74,0.82,0.48,0.5,0.49,0.49,0.41,positive
0.63,0.83,0.48,0.5,0.4,0.39,0.19,positive
0.71,0.86,0.48,0.5,0.4,0.54,0.32,positive
0.68,0.78,0.48,0.5,0.43,0.44,0.42,positive
0.64,0.84,0.48,0.5,0.37,0.45,0.4,positive
0.74,0.47,0.48,0.5,0.5,0.57,0.42,positive
0.75,0.84,0.48,0.5,0.35,0.52,0.33,positive
0.63,0.65,0.48,0.5,0.39,0.44,0.35,positive
0.7,0.71,0.48,0.5,0.42,0.84,0.85,positive
0.69,0.8,0.48,0.5,0.46,0.57,0.26,positive
0.64,0.66,0.48,0.5,0.41,0.39,0.2,positive
0.63,0.8,0.48,0.5,0.46,0.31,0.29,positive
0.69,0.59,0.48,0.5,0.46,0.44,0.52,positive
0.68,0.67,0.48,0.5,0.49,0.4,0.34,positive
0.64,0.78,0.48,0.5,0.5,0.36,0.38,positive
0.62,0.78,0.48,0.5,0.47,0.49,0.54,positive
0.64,0.81,0.48,0.5,0.37,0.39,0.44,positive
0.29,0.39,0.48,0.5,0.52,0.4,0.48,positive
0.62,0.83,0.48,0.5,0.46,0.36,0.4,positive
0.56,0.54,0.48,0.5,0.43,0.37,0.3,positive
0.69,0.66,0.48,0.5,0.41,0.5,0.25,positive
0.69,0.65,0.48,0.5,0.63,0.48,0.41,positive
0.74,0.56,0.48,0.5,0.47,0.68,0.3,positive
0.71,0.57,0.48,0.5,0.48,0.35,0.32,positive
0.61,0.6,0.48,0.5,0.44,0.39,0.38,positive
0.59,0.61,0.48,0.5,0.42,0.42,0.37,positive
0.74,0.74,0.48,0.5,0.31,0.53,0.52,positive
0.656379697923852,0.7576098272187177,0.48,0.5,0.33998821303601634,0.38448408159760195,0.43523748559153014,positive
0.7159231193030937,0.8495323529149278,0.48,0.5,0.3888334790495958,0.5299256535622263,0.3286134726107991,positive
0.7394839955256226,0.8484640248659503,0.48,0.5,0.31521926362846275,0.5261592798813778,0.30461905313981297,positive
0.7133306884193762,0.7781814360426835,0.48,0.5,0.3202800774801445,0.6457232127980868,0.5253316616441566,positive
0.6359398998131892,0.8806247352405171,0.48,0.5,0.3523609816368785,0.48872586292944453,0.43565049624153224,positive
0.6777042056229594,0.666844193657639,0.48,0.5,0.5083457505162188,0.38829507874617963,0.3438096025156215,positive
0.74,0.4786823845865489,0.48,0.5,0.43922871129460045,0.5430714093642726,0.38640975549604406,positive
0.34182299727353904,0.4038528026065328,0.48,0.5,0.53,0.31599558097539093,0.3975633434868112,positive
0.64,0.7739870832021212,0.48,0.5,0.4679620972537533,0.35086899364370927,0.38,positive
0.7129704797642726,0.8599809255673107,0.48,0.5,0.3923534843121198,0.5268945925343231,0.3216375850977248,positive
0.6952819590783716,0.6360634309715686,0.48,0.5,0.46550851889528766,0.49606353183061236,0.4982882415519698,positive
0.29,0.40191051589333376,0.48,0.5,0.5069945566157553,0.38742511060602924,0.4764219743940434,positive
0.6764374170008106,0.6806285246476047,0.48,0.5,0.48980204289700957,0.413402328639615,0.33980048080592773,positive
0.6178643490323391,0.642632674710024,0.48,0.5,0.39448668709457746,0.4284474978967707,0.3657756236860302,positive
0.7004497016535648,0.8322225400872039,0.48,0.5,0.4429245131633734,0.5679378000156651,0.27302812648057834,positive
0.7259262863310575,0.7852808494152189,0.48,0.5,0.4662154890138826,0.4484284804154568,0.4157717362587625,positive
0.6922864857678764,0.590918319960741,0.48,0.5,0.4974034567914044,0.3604927107690601,0.34121798511299595,positive
0.74,0.48788202174627127,0.48,0.5,0.4972505305583019,0.5677784107197233,0.38001222032109805,positive
0.6606332391778512,0.7964396239465888,0.48,0.5,0.40890203262187813,0.42056756581679366,0.43234698893466506,positive
0.6480782904818047,0.8529628686169912,0.48,0.5,0.34721293793688796,0.44214800733772863,0.3722193845723215,positive
0.6463408054399217,0.8546657548158567,0.48,0.5,0.3635438248213508,0.4134271652476177,0.36543695554034644,positive
0.6617495441406952,0.6753236416294693,0.48,0.5,0.6470196537250889,0.4743419140028653,0.35489132492532854,positive
0.64,0.7093091652397402,0.48,0.5,0.4580620216887226,0.41530195961606986,0.1948355209785001,positive
0.5951710343103902,0.6043002610887106,0.48,0.5,0.4269657830537204,0.3935888082021253,0.37000785734747105,positive
0.7322134632972468,0.7218093321402687,0.48,0.5,0.36117382119917546,0.5320981942967902,0.4958777880588469,positive
0.6728067380018279,0.7998833666028338,0.48,0.5,0.5515278801429123,0.5046390594802164,0.2619660197740916,positive
0.6955665977643338,0.5654889723537813,0.48,0.5,0.47571680051003523,0.6892020646154596,0.24847858653299626,positive
0.6888146271441035,0.7093348850644013,0.48,0.5,0.4135340004152181,0.5365913779399691,0.37929848220589635,positive
0.64,0.8127448386256089,0.48,0.5,0.37,0.4134090478827792,0.4100444468544392,positive
0.6357615903787487,0.78,0.48,0.5,0.465255994296724,0.4597189521105476,0.5153314278537233,positive
0.64,0.7104914827766036,0.48,0.5,0.4378045770187562,0.4080465612509284,0.19519275454975296,positive
0.6770306429106544,0.6931508415283287,0.48,0.5,0.4792997360377982,0.41266145941119836,0.33248416827060306,positive
0.6076281536799577,0.6035007788310002,0.48,0.5,0.42595589365576564,0.40667028537353767,0.3763946156071108,positive
0.5332692183528472,0.519510655370102,0.48,0.5,0.45754696334458395,0.34788489291949953,0.3266965717939511,positive
0.6995588108757962,0.6063746273309573,0.48,0.5,0.4687647046583143,0.5093510670997256,0.4978397727639789,positive
0.6744328711312568,0.6742454196897352,0.48,0.5,0.41695381257330294,0.49628413641142366,0.31261657279343635,positive
0.6358952436819828,0.7644277040084175,0.48,0.5,0.4586868661191224,0.31372550440890934,0.29285415940892406,positive
0.6237595115241177,0.8217500642241736,0.48,0.5,0.4849529612341076,0.36,0.3956946124843853,positive
0.63,0.8228191576244855,0.48,0.5,0.41515345894958355,0.38744839743823833,0.2064621190352526,positive
0.6773589648296241,0.5601398439232455,0.48,0.5,0.4746447056757704,0.6992602390948598,0.20311113878435655,positive
0.7268786869312751,0.8083800993727547,0.48,0.5,0.5418615224382834,0.5081860611015809,0.3054025216514497,positive
0.6502906708734754,0.7099477409914782,0.48,0.5,0.4363509872373543,0.8595789586444447,0.8758115511765308,positive
0.64193217023896,0.7464929865994159,0.48,0.5,0.34795379023720496,0.38319580862093505,0.43728293737534096,positive
0.7408053898262952,0.8492096299349928,0.48,0.5,0.3551369317253513,0.5240603974814081,0.3231175227053487,positive
0.7266948139777113,0.8575921432347038,0.48,0.5,0.22250162339549961,0.5499107543278191,0.25149732022678356,positive
0.6983641839811894,0.7753177256268433,0.48,0.5,0.3233611125684596,0.5448933415774233,0.529925379848341,positive
0.6386433343995314,0.8623350577104084,0.48,0.5,0.3522809353800786,0.4833508892504508,0.41797833849385135,positive
0.6711156986994474,0.6549928275367898,0.48,0.5,0.5002654135103802,0.3863485049294898,0.3435971004245066,positive
0.74,0.47519798928887425,0.48,0.5,0.48378652270339106,0.553017297181451,0.36019217346312943,positive
0.32284748366888827,0.3902342968420801,0.48,0.5,0.53,0.2986581362357813,0.409570598802927,positive
0.64,0.7740424866819292,0.48,0.5,0.45106272207264847,0.35171259717687664,0.38,positive
0.7138226280871113,0.8495267941661265,0.48,0.5,0.373358647135942,0.5291568785229646,0.3258048153962288,positive
0.6923832180866465,0.6103534061199649,0.48,0.5,0.46259680188322616,0.4426111154473188,0.476581796129313,positive
0.29,0.39695492066288096,0.48,0.5,0.4832284543684039,0.38702600058475345,0.46274370570765805,positive
0.6754107218231606,0.6760709052311209,0.48,0.5,0.46356848268450546,0.4009642519064708,0.3328610806717266,positive
0.6197525912493818,0.6311336661711633,0.48,0.5,0.4162637318758335,0.429332127632037,0.36655823937323506,positive
0.707238063168701,0.8067603854567055,0.48,0.5,0.44385091255882547,0.5628890578416061,0.31830744179093656,positive
0.7304176644293161,0.7859209060146445,0.48,0.5,0.4811083630597314,0.4511799499232275,0.41530808002618846,positive
0.693224261287553,0.6068594213831184,0.48,0.5,0.48859450239086527,0.3544914126033092,0.35484788345518636,positive
0.74,0.4724921883171924,0.48,0.5,0.43370875107841,0.5495800980769436,0.4075166115389819,positive
0.6619634431453812,0.7863260872514647,0.48,0.5,0.4283317612446985,0.39200319139738304,0.4233616052987284,positive
0.6540502041063837,0.8446956492232701,0.48,0.5,0.34097937665800154,0.41241065864537974,0.395016729101071,positive
0.6558839392973177,0.8422413144209375,0.48,0.5,0.36519481675033433,0.44574935406950256,0.37341658621516655,positive
0.6752959193834612,0.6671736270021801,0.48,0.5,0.6370111762126367,0.47894189031654166,0.32681295819050005,positive
0.64,0.6936972092367196,0.48,0.5,0.4854010639540115,0.3943174147992209,0.1962021937079001,positive
0.5902973353216481,0.6075045751711851,0.48,0.5,0.43123113621836545,0.40363551637437045,0.37662192174210557,positive
0.7103267054820162,0.7175322474553577,0.48,0.5,0.39147978530898014,0.538189645243094,0.48112395158611587,positive
0.7132971159240529,0.8006325304925664,0.48,0.5,0.5446939230945972,0.4930571630993864,0.29667618129432194,positive
0.693040803650603,0.5625516521787802,0.48,0.5,0.48381174539138444,0.6881631745289123,0.2896273407042096,positive
0.6970960427659674,0.7041932064295641,0.48,0.5,0.4055405597530296,0.5094673293786501,0.33431560018142764,positive
0.64,0.8215101187722299,0.48,0.5,0.37,0.4080132850578694,0.4234466477932508,positive
0.6416492393397709,0.78,0.48,0.5,0.4419495542228827,0.4882887303969208,0.4625739904245022,positive
0.64,0.7090994579186651,0.48,0.5,0.48888941932584223,0.40819207100323374,0.19753413192270552,positive
0.6799338497285844,0.6821711305087783,0.48,0.5,0.466806985085734,0.4455834835645902,0.33623003291295567,positive
0.6096130998464384,0.6065348449195627,0.48,0.5,0.436116385819077,0.41431783161672775,0.37261439467718954,positive
0.5197505788250978,0.524843198339403,0.48,0.5,0.45574150881789893,0.3533523218586183,0.3462680028164015,positive
0.6974712365440351,0.6232521099521432,0.48,0.5,0.4628227966836056,0.46995500802207046,0.47059512861679076,positive
0.6718682743908014,0.6752915316146187,0.48,0.5,0.4568790034959911,0.4646715839482831,0.2901218833432083,positive
0.6344488544580933,0.7984034811590879,0.48,0.5,0.4531899576414582,0.3389472767482664,0.31312123716372897,positive
0.6363842424610519,0.8058475574559113,0.48,0.5,0.46482651613271475,0.36,0.39763601745153376,positive
0.63,0.8196000805679267,0.48,0.5,0.41842975091639656,0.3547471650031705,0.21918996421354106,positive
0.7007248963569548,0.5676092738257087,0.48,0.5,0.4711365921017539,0.6929510247297965,0.22643767637695666,positive
0.6738745269998595,0.8063296681178836,0.48,0.5,0.5578994549845752,0.4986767514961927,0.23714397096378098,positive
0.6990023882609722,0.6775276906639217,0.48,0.5,0.4320087114377991,0.843091247434974,0.8658640871890196,positive
0.6515648163834002,0.7623466650166179,0.48,0.5,0.33429352073520613,0.38128150997970434,0.43802905245667645,positive
0.7368258604400334,0.8571574314656354,0.48,0.5,0.36674331579509223,0.5331325277810479,0.3204989138956815,positive
0.7460630486428095,0.8477329160291233,0.48,0.5,0.21130781781601635,0.5407649957380969,0.2764871523663461,positive
0.7280256676730221,0.7962022318333428,0.48,0.5,0.3634112654043285,0.565388522317928,0.5264162374763586,positive
0.6326882567132412,0.9183122621866862,0.48,0.5,0.3642056816487563,0.4878811770136019,0.45469604691043225,positive
0.6773349499261019,0.6566202754079918,0.48,0.5,0.5009549989005883,0.3759840021750732,0.3569332343575406,positive
0.74,0.4762876384257788,0.48,0.5,0.4638680788241131,0.5429504813050214,0.4105527766272539,positive
0.34556078068697965,0.3902543329452829,0.48,0.5,0.53,0.3176390842667567,0.4063085135175094,positive
0.64,0.7736549082276152,0.48,0.5,0.46299570025951764,0.35112677090816524,0.38,positive
0.7343462466073266,0.8584764632554583,0.48,0.5,0.3995366615368082,0.535228294337791,0.32033014438434043,positive
0.6968724704121567,0.6186183818628669,0.48,0.5,0.460338613249255,0.5048363297730116,0.48309124469750686,positive
0.29,0.39694189100622557,0.48,0.5,0.5142077746935898,0.39734242942742815,0.4674438641890375,positive
0.6722771336638005,0.6846604433450869,0.48,0.5,0.48380641346462167,0.4085659803791376,0.33819396162777093,positive
0.6184635775287396,0.6370892736460274,0.48,0.5,0.40410603406696,0.4262722712712731,0.3544141634068224,positive
0.6957668991416079,0.8472985155236907,0.48,0.5,0.4320403237183571,0.559092877363018,0.30096114931830636,positive
0.7100481708410649,0.782699078669603,0.48,0.5,0.47794427762095043,0.4479849510578161,0.415062560955612,positive
0.6769608592891123,0.5804243055118788,0.48,0.5,0.48241272830670384,0.3626956789261929,0.37994788062293033,positive
0.74,0.474637556400511,0.48,0.5,0.47405231270363796,0.5501280810755661,0.3867313875023012,positive
0.6719561258601124,0.8063613669009222,0.48,0.5,0.3832823638493873,0.4193136469587919,0.42928442305661946,positive
0.6587668765145024,0.8448035570483374,0.48,0.5,0.3530902336803192,0.41850372440981454,0.3948060521269944,positive
0.6493248229317365,0.8547810985894966,0.48,0.5,0.3428379788602929,0.4486436977890411,0.3982672496028858,positive
0.653050158660626,0.6817534130492182,0.48,0.5,0.6443703687906267,0.45572164840232865,0.4023244346969673,positive
0.64,0.6802219479741076,0.48,0.5,0.4343437135865348,0.4053064303901385,0.19916610774957957,positive
0.6088912589357488,0.6022880182912695,0.48,0.5,0.4370339759418225,0.40225529494166323,0.37787706854205194,positive
0.721380188842651,0.7239776824431597,0.48,0.5,0.3424558255683055,0.5313196594039563,0.4177973471100743,positive
0.7110796276662152,0.7917586201019894,0.48,0.5,0.542798293174498,0.509121697150252,0.2580210372105473,positive
0.6561450591350176,0.5671613519916434,0.48,0.5,0.48409175328523313,0.6874472943336238,0.209597651680864,positive
0.6777851106787695,0.7032270618297256,0.48,0.5,0.4139599053414757,0.5072712217895926,0.38675398530334953,positive
0.64,0.8293064912261959,0.48,0.5,0.37,0.4268614547683284,0.4336647219435972,positive
0.6403918847434208,0.78,0.48,0.5,0.43178484474577555,0.46638462849404594,0.45753681795989337,positive
0.64,0.6904588799262193,0.48,0.5,0.4227288827048487,0.41421291710262687,0.19880934044118995,positive
0.6790185385984832,0.6991456822576846,0.48,0.5,0.47952662321948686,0.44683962028145296,0.33458073523492127,positive
0.5907509606495599,0.6058695766289149,0.48,0.5,0.42622423157160316,0.39760928886500546,0.3762259659873441,positive
0.5356303318707513,0.5202017120848071,0.48,0.5,0.4594124133328714,0.3452531723232066,0.3454229216474417,positive
0.6906044324069797,0.6062134648061143,0.48,0.5,0.4696286726821633,0.5049589249641805,0.4942995321883695,positive
0.6887636134346108,0.6814452513539718,0.48,0.5,0.4207486927624271,0.46378584198904205,0.2738827962982558,positive
0.6388181567760975,0.7684325679604227,0.48,0.5,0.45829309990039746,0.32298334713703514,0.2923921378487604,positive
0.628637022353735,0.7858377237607628,0.48,0.5,0.46027566032528644,0.36,0.38070198723629,positive
0.63,0.8131544796145498,0.48,0.5,0.40881670262810665,0.3230210297406001,0.1952317713535053,positive
0.7293133171815878,0.5635605772835967,0.48,0.5,0.48857060913485445,0.6903289555762744,0.21511605190933972,positive
0.7243736960013362,0.786429216225629,0.48,0.5,0.5648922433830532,0.5046163718737551,0.2792615241871694,positive
0.6800898136833606,0.668310747192372,0.48,0.5,0.4311526845629969,0.8410443324543527,0.8743354063142876,positive
0.6594747640716729,0.7402491522596675,0.48,0.5,0.36908661117802705,0.38273796625196344,0.43948208788278337,positive
0.7379193837947379,0.8469837858745084,0.48,0.5,0.38279167040598955,0.5286553818935088,0.3211500452519761,positive
0.7303825502967377,0.8550125516813745,0.48,0.5,0.32666740430496266,0.5316484866345543,0.21033141228878866,positive
0.6944964326509278,0.7494592317534373,0.48,0.5,0.324115673563829,0.5586560060926512,0.5381048926864205,positive
0.6328340366927979,0.8546431508768526,0.48,0.5,0.36043451743846117,0.4665391000650705,0.43947263225692185,positive
0.6711561634924925,0.6264419883511412,0.48,0.5,0.5061317071964627,0.3916392739050498,0.34283776206063665,positive
0.74,0.4867639688271602,0.48,0.5,0.4219197696111969,0.5662863013032116,0.3877344591930978,positive
0.3224771548205964,0.41449887779415984,0.48,0.5,0.53,0.3046944127411243,0.4043178551346644,positive
0.64,0.7749644685091244,0.48,0.5,0.47773297271842874,0.3590083479688124,0.38,positive
0.7159557967465534,0.8402638917206654,0.48,0.5,0.37747853503106715,0.5218258460774409,0.3278893051474513,positive
0.6945135346659814,0.5967421046150923,0.48,0.5,0.46897976096578553,0.49324504696233595,0.5113547576167619,positive
0.29,0.39256838817503126,0.48,0.5,0.5045811918290162,0.3834353042658474,0.4716688390509976,positive
0.6775763069673941,0.6770543306872938,0.48,0.5,0.474285068488685,0.4136073551768339,0.3310977111737761,positive
0.6149692262141262,0.6270680942135034,0.48,0.5,0.41204810571057365,0.42865601330920877,0.366267633681036,positive
0.6985381625233098,0.8473380826573821,0.48,0.5,0.4420280598012786,0.5484069134774684,0.2732017772606397,positive
0.7333617925457384,0.7918396042700604,0.48,0.5,0.4820844668144259,0.4636757699747055,0.4125121639338652,positive
0.7017827332096822,0.5718107654558302,0.48,0.5,0.48883637727231716,0.36741719467772926,0.3619478193287425,positive
0.74,0.48083899615382286,0.48,0.5,0.43182534167984266,0.5440277031049541,0.3726568508727872,positive
0.6793597292788505,0.7957943941658377,0.48,0.5,0.4253950275072506,0.4115591207169629,0.4231262045267131,positive
0.6501281365340855,0.8445315202933366,0.48,0.5,0.369569950325199,0.4392011487871076,0.3764938648557864,positive
0.6451130503051299,0.8572522919599562,0.48,0.5,0.36992654392572943,0.4373370446640935,0.37719445679762215,positive
0.6769373832367942,0.6690256605052152,0.48,0.5,0.6316749001040731,0.47894090222412977,0.3688493823505507,positive
0.64,0.6951880133939283,0.48,0.5,0.447,0.39593290261272474,0.19004725218145108,positive
0.5985016338713119,0.6089388250860159,0.48,0.5,0.4225850811290974,0.40291251392734206,0.3760115306972406,positive
0.7131376834133354,0.7363936486785557,0.48,0.5,0.3809734445890687,0.5311430431553416,0.42751480543112175,positive
0.6760914788126469,0.804240688575547,0.48,0.5,0.5792868262771538,0.5087077039163006,0.23864500708852165,positive
0.6307705462194192,0.5645341479254008,0.48,0.5,0.4763937679943728,0.6968076714455553,0.29050473129831167,positive
0.6776358855469125,0.7054273218313903,0.48,0.5,0.40055617111996655,0.47104211978626986,0.34416783018518876,positive
0.64,0.8103734342297116,0.48,0.5,0.37,0.41357093730787464,0.41147393798497844,positive
0.6743530189153918,0.78,0.48,0.5,0.45686830005578133,0.46282779415871556,0.42324242956792,positive
0.64,0.7067214038379979,0.48,0.5,0.4172979984382582,0.4134597865352384,0.19141166420712438,positive
0.6705085121524003,0.6920781111985206,0.48,0.5,0.47386828559931704,0.4320598712193512,0.3398336068429441,positive
0.6046232477420896,0.6025385565097922,0.48,0.5,0.42957702783559376,0.41084483567222474,0.3799842336414636,positive
0.5353011856870662,0.5272451082444086,0.48,0.5,0.4571210643568184,0.3568438584491971,0.33624752616692816,positive
0.6947401338527688,0.6138714350306743,0.48,0.5,0.46701253470372706,0.47181884066522095,0.48366834062249814,positive
0.6769711627889328,0.6836796299294087,0.48,0.5,0.414540169728772,0.4659132453531638,0.2996579186091562,positive
0.6329472816198926,0.7964839017399308,0.48,0.5,0.4557358576147505,0.31066889517271257,0.3388837226704667,positive
0.6293205080792996,0.7845260106305041,0.48,0.5,0.4715610943843431,0.36,0.38259171635178424,positive
0.63,0.8169162075980138,0.48,0.5,0.4265875996726828,0.37067372603077253,0.2080066418844906,positive
0.6357900760586364,0.5666887235474308,0.48,0.5,0.47221357018487725,0.6881542058782183,0.270689087728809,positive
0.7264568683724444,0.7963733694498599,0.48,0.5,0.5618164827856093,0.5080217183678228,0.24610970452600758,positive
0.688388718515357,0.6624247401953015,0.48,0.5,0.4444630108784453,0.8542443201422252,0.8537558446142622,positive
0.6553142680596569,0.7625838564115693,0.48,0.5,0.33810301291772255,0.38253299169582444,0.4364527733693798,positive
0.7207370940050124,0.8528485616881654,0.48,0.5,0.3560109237159475,0.5389650402283166,0.324157714575291,positive
0.7213503585054423,0.8408962276561787,0.48,0.5,0.31477945347676733,0.521028280339107,0.32125842473566985,positive
0.7229847829561686,0.8010539843243191,0.48,0.5,0.3415250421526635,0.5462869125068532,0.5527558758295237,positive
0.6363962942604667,0.9989104621083109,0.48,0.5,0.3552495112809668,0.4613011533248629,0.4530751062028597,positive
0.6754548483168347,0.6492407970107537,0.48,0.5,0.5012044684783129,0.3800631628353056,0.3480743428535335,positive
0.74,0.48398272786217045,0.48,0.5,0.42389977568286463,0.5485364566459618,0.4055774782025192,positive
0.35431622100528165,0.403991337122556,0.48,0.5,0.53,0.30461402486759337,0.4016761304231404,positive
0.64,0.7622599512053593,0.48,0.5,0.4862103328671545,0.35198698527427286,0.38,positive
0.7230574634386567,0.851850789784872,0.48,0.5,0.386292563803685,0.539095260867604,0.32238672824227366,positive
0.6963890396459361,0.6287640953624603,0.48,0.5,0.46413605687388926,0.4707710631870219,0.5153272145914279,positive
0.29,0.39642903890753345,0.48,0.5,0.5004670199266775,0.3886618077465297,0.4661382641436375,positive
0.6720052694489689,0.6707130116182262,0.48,0.5,0.4603857066000142,0.44173632727004386,0.33562711312057786,positive
0.6009582298769965,0.647836318943066,0.48,0.5,0.4033600570614266,0.43395714319058454,0.3606421281150474,positive
0.6925150611703748,0.8181145541848618,0.48,0.5,0.41171813955830666,0.5664905037752046,0.3142768207134734,positive
0.6877199843963376,0.7886009802853847,0.48,0.5,0.48388393199046237,0.4550772135539508,0.4181212992809931,positive
0.6785955742181528,0.5909475906536703,0.48,0.5,0.4865167030508187,0.36334428045693157,0.3474940219795714,positive
