49.0,29.0,48.0,56.0,24.0,35.0,negative
7.0,4.0,48.0,54.0,35.0,44.0,negative
56.0,4.0,48.0,49.0,37.0,46.0,negative
59.0,49.0,48.0,52.0,45.0,36.0,negative
23.0,32.0,48.0,55.0,25.0,35.0,negative
67.0,39.0,48.0,36.0,38.0,46.0,negative
21.0,34.0,48.0,51.0,28.0,39.0,negative
2.0,44.0,48.0,46.0,51.0,57.0,negative
42.0,4.0,48.0,56.0,18.0,3.0,negative
42.0,24.0,48.0,57.0,27.0,37.0,negative
25.0,48.0,48.0,44.0,17.0,29.0,negative
39.0,32.0,48.0,46.0,24.0,35.0,negative
51.0,5.0,48.0,46.0,32.0,35.0,negative
25.0,4.0,48.0,46.0,44.0,52.0,negative
34.0,45.0,48.0,38.0,24.0,35.0,negative
31.0,23.0,48.0,73.0,5.0,14.0,negative
3.0,16.0,48.0,56.0,11.0,23.0,negative
36.0,39.0,48.0,48.0,22.0,23.0,negative
25.0,4.0,48.0,47.0,33.0,42.0,negative
21.0,51.0,48.0,5.0,32.0,41.0,negative
43.0,39.0,48.0,47.0,31.0,41.0,negative
53.0,38.0,48.0,44.0,26.0,36.0,negative
4.0,29.0,48.0,42.0,35.0,44.0,negative
24.0,35.0,48.0,31.0,19.0,31.0,negative
36.0,54.0,48.0,41.0,38.0,46.0,negative
29.0,52.0,48.0,42.0,29.0,39.0,negative
32.0,42.0,48.0,35.0,28.0,38.0,negative
38.0,46.0,48.0,48.0,22.0,29.0,negative
33.0,45.0,48.0,52.0,32.0,41.0,negative
3.0,37.0,48.0,59.0,41.0,49.0,negative
4.0,5.0,48.0,45.0,39.0,47.0,negative
28.0,38.0,48.0,5.0,33.0,42.0,negative
61.0,45.0,48.0,48.0,35.0,41.0,negative
44.0,35.0,48.0,55.0,55.0,61.0,negative
42.0,35.0,48.0,58.0,15.0,27.0,negative
23.0,33.0,48.0,43.0,33.0,43.0,negative
37.0,52.0,48.0,42.0,42.0,36.0,negative
29.0,3.0,48.0,45.0,3.0,17.0,negative
47.0,47.0,48.0,22.0,16.0,26.0,negative
54.0,47.0,48.0,28.0,33.0,42.0,negative
51.0,37.0,48.0,35.0,36.0,45.0,negative
4.0,35.0,48.0,45.0,33.0,42.0,negative
44.0,34.0,48.0,3.0,33.0,43.0,negative
52.0,36.0,48.0,41.0,28.0,38.0,negative
47.0,29.0,48.0,51.0,33.0,43.0,negative
24.0,43.0,48.0,54.0,52.0,59.0,negative
25.0,37.0,48.0,41.0,33.0,42.0,negative
52.0,57.0,48.0,42.0,47.0,54.0,negative
25.0,37.0,48.0,43.0,26.0,36.0,negative
35.0,48.0,48.0,56.0,4.0,48.0,negative
26.0,26.0,48.0,34.0,25.0,35.0,negative
44.0,51.0,48.0,47.0,26.0,36.0,negative
37.0,5.0,48.0,42.0,36.0,45.0,negative
44.0,42.0,48.0,42.0,25.0,2.0,negative
24.0,43.0,48.0,37.0,28.0,38.0,negative
42.0,3.0,48.0,48.0,26.0,36.0,negative
48.0,42.0,48.0,45.0,25.0,35.0,negative
41.0,48.0,48.0,51.0,44.0,51.0,negative
29.0,41.0,48.0,48.0,38.0,46.0,negative
34.0,28.0,48.0,41.0,35.0,44.0,negative
41.0,43.0,48.0,45.0,31.0,41.0,negative
29.0,47.0,48.0,41.0,23.0,34.0,negative
34.0,55.0,48.0,58.0,31.0,41.0,negative
36.0,56.0,48.0,43.0,45.0,53.0,negative
4.0,46.0,48.0,52.0,49.0,56.0,negative
5.0,49.0,48.0,49.0,46.0,53.0,negative
52.0,44.0,48.0,37.0,36.0,42.0,negative
5.0,51.0,48.0,27.0,23.0,34.0,negative
53.0,42.0,48.0,16.0,29.0,39.0,negative
34.0,46.0,48.0,52.0,35.0,44.0,negative
4.0,42.0,48.0,37.0,27.0,27.0,negative
3.0,45.0,48.0,36.0,21.0,32.0,negative
35.0,37.0,48.0,3.0,34.0,43.0,negative
57.0,54.0,48.0,37.0,28.0,33.0,negative
65.0,55.0,48.0,34.0,37.0,28.0,negative
51.0,46.0,48.0,58.0,31.0,41.0,negative
24.0,57.0,48.0,63.0,34.0,43.0,negative
38.0,26.0,48.0,54.0,16.0,28.0,negative
33.0,47.0,48.0,53.0,18.0,29.0,negative
24.0,34.0,48.0,38.0,3.0,4.0,negative
26.0,5.0,48.0,44.0,32.0,41.0,negative
44.0,49.0,48.0,39.0,38.0,4.0,negative
43.0,32.0,48.0,33.0,45.0,52.0,negative
49.0,43.0,48.0,49.0,3.0,4.0,negative
47.0,28.0,48.0,56.0,2.0,25.0,negative
34.0,35.0,48.0,51.0,49.0,56.0,negative
35.0,34.0,48.0,46.0,3.0,27.0,negative
38.0,3.0,48.0,43.0,29.0,39.0,negative
38.0,44.0,48.0,43.0,2.0,31.0,negative
41.0,51.0,48.0,58.0,2.0,31.0,negative
34.0,42.0,48.0,41.0,34.0,43.0,negative
29.0,28.0,48.0,5.0,42.0,5.0,negative
25.0,26.0,48.0,39.0,32.0,42.0,negative
24.0,41.0,48.0,49.0,23.0,34.0,negative
17.0,39.0,48.0,53.0,3.0,39.0,negative
4.0,31.0,48.0,41.0,29.0,39.0,negative
61.0,36.0,48.0,49.0,35.0,44.0,negative
34.0,51.0,48.0,44.0,37.0,46.0,negative
28.0,33.0,48.0,45.0,22.0,33.0,negative
37.0,44.0,48.0,42.0,39.0,47.0,negative
0.0,38.0,48.0,42.0,48.0,55.0,negative
39.0,31.0,48.0,38.0,34.0,43.0,negative
3.0,44.0,48.0,49.0,22.0,33.0,negative
27.0,3.0,48.0,71.0,28.0,39.0,negative
17.0,52.0,48.0,49.0,37.0,46.0,negative
36.0,42.0,48.0,53.0,32.0,41.0,negative
3.0,37.0,48.0,43.0,18.0,3.0,negative
26.0,4.0,48.0,36.0,26.0,37.0,negative
4.0,41.0,48.0,55.0,22.0,33.0,negative
22.0,34.0,48.0,42.0,29.0,39.0,negative
44.0,35.0,48.0,44.0,52.0,59.0,negative
16.0,43.0,48.0,54.0,27.0,37.0,negative
77.0,57.0,1.0,37.0,54.0,1.0,negative
66.0,49.0,1.0,54.0,56.0,36.0,negative
67.0,55.0,1.0,66.0,58.0,16.0,negative
68.0,49.0,1.0,62.0,55.0,28.0,negative
7.0,61.0,48.0,56.0,52.0,43.0,negative
66.0,86.0,48.0,34.0,41.0,36.0,negative
73.0,78.0,48.0,58.0,51.0,31.0,negative
65.0,57.0,48.0,47.0,47.0,51.0,negative
72.0,86.0,48.0,17.0,55.0,21.0,negative
67.0,7.0,48.0,46.0,45.0,33.0,negative
67.0,81.0,48.0,54.0,49.0,23.0,negative
67.0,61.0,48.0,51.0,37.0,38.0,negative
63.0,1.0,48.0,35.0,51.0,49.0,negative
57.0,59.0,48.0,39.0,47.0,33.0,negative
71.0,71.0,48.0,4.0,54.0,39.0,negative
66.0,74.0,48.0,31.0,38.0,43.0,negative
64.0,72.0,48.0,49.0,42.0,19.0,negative
32.0,39.0,48.0,53.0,28.0,38.0,negative
7.0,64.0,48.0,47.0,51.0,47.0,negative
63.0,57.0,48.0,49.0,7.0,2.0,negative
74.0,82.0,48.0,49.0,49.0,41.0,negative
63.0,86.0,48.0,39.0,47.0,34.0,negative
63.0,83.0,48.0,4.0,39.0,19.0,negative
63.0,71.0,48.0,6.0,4.0,39.0,negative
71.0,86.0,48.0,4.0,54.0,32.0,negative
64.0,84.0,48.0,37.0,45.0,4.0,negative
74.0,47.0,48.0,5.0,57.0,42.0,negative
75.0,84.0,48.0,35.0,52.0,33.0,negative
63.0,65.0,48.0,39.0,44.0,35.0,negative
69.0,67.0,48.0,3.0,39.0,24.0,negative
69.0,8.0,48.0,46.0,57.0,26.0,negative
64.0,66.0,48.0,41.0,39.0,2.0,negative
63.0,8.0,48.0,46.0,31.0,29.0,negative
66.0,71.0,48.0,41.0,5.0,35.0,negative
69.0,59.0,48.0,46.0,44.0,52.0,negative
64.0,78.0,48.0,5.0,36.0,38.0,negative
62.0,78.0,48.0,47.0,49.0,54.0,negative
76.0,73.0,48.0,44.0,39.0,39.0,negative
64.0,81.0,48.0,37.0,39.0,44.0,negative
29.0,39.0,48.0,52.0,4.0,48.0,negative
62.0,83.0,48.0,46.0,36.0,4.0,negative
56.0,54.0,48.0,43.0,37.0,3.0,negative
69.0,66.0,48.0,41.0,5.0,25.0,negative
69.0,65.0,48.0,63.0,48.0,41.0,negative
43.0,59.0,48.0,52.0,49.0,56.0,negative
61.0,6.0,48.0,44.0,39.0,38.0,negative
59.0,61.0,48.0,42.0,42.0,37.0,negative
74.0,74.0,48.0,31.0,53.0,52.0,negative
78.0,68.0,48.0,83.0,4.0,29.0,positive
63.0,69.0,48.0,65.0,41.0,28.0,positive
61.0,75.0,48.0,51.0,33.0,33.0,positive
67.0,84.0,48.0,74.0,54.0,37.0,positive
74.0,9.0,48.0,57.0,53.0,29.0,positive
73.0,84.0,48.0,86.0,58.0,29.0,positive
77.0,57.0,48.0,88.0,53.0,2.0,positive
74.0,78.0,48.0,75.0,54.0,15.0,positive
68.0,76.0,48.0,84.0,45.0,27.0,positive
56.0,68.0,48.0,77.0,36.0,45.0,positive
65.0,51.0,48.0,66.0,54.0,33.0,positive
64.0,57.0,48.0,7.0,33.0,26.0,positive
69.0,59.0,48.0,77.0,39.0,21.0,positive
63.0,49.0,48.0,79.0,45.0,28.0,positive
71.0,71.0,48.0,68.0,43.0,36.0,positive
68.0,63.0,48.0,73.0,4.0,3.0,positive
60.839772446299115,69.96893961569265,48.0,46.46469933943698,34.31382279397433,36.3174703463795,positive
61.963044539269745,70.7528894323856,48.0,51.64686993291389,38.37463347397622,30.18409585748587,positive
73.18881195307634,82.3422622252269,48.0,78.90335664255146,57.000126478227294,18.07993658225302,positive
73.11232859526807,78.0,48.0,61.2036843227806,53.6017852140245,19.10569220850632,positive
70.66187751617151,8.26976399898138,48.0,52.86308296505065,43.0715569508547,32.2271028509877,positive
69.90430459154362,63.66133307687351,48.0,70.24868963268798,39.08076296593418,26.185782993157574,positive
67.44255338528151,77.16362744147774,48.0,77.44240300213605,52.567270348022696,36.61853613194794,positive
62.50424984794573,68.9526909496441,48.0,74.71089298352683,37.431331977552716,33.606445988670444,positive
71.6319404620028,67.22818964964743,48.0,45.04539192009985,4.7214334878502235,28.04871010656702,positive
63.447102689436164,72.02558560754218,48.0,5.131934396605784,35.20777028646418,20.554934811550403,positive
68.44466076523943,63.90487699433672,48.0,60.55556648637351,4.49581790809752,11.151367868856724,positive
63.59672922308505,70.57276675078876,48.0,67.77355546305371,41.607232371094504,34.239850903061544,positive
63.86762389115618,49.50575524198855,48.0,65.38813891161652,52.364375709854485,34.033441474013884,positive
67.59715267440936,76.81184380933973,48.0,76.82226483803612,46.4027564132945,30.598981437666346,positive
63.14577446568775,56.99682168564982,48.0,75.97827642730657,46.096618311242565,30.340613796937966,positive
75.29459786480771,52.671743955852264,48.0,81.71546899077462,52.28002064633186,25.29448054084499,positive
63.58026171824037,74.28524470583898,48.0,50.48061753865104,33.22425716074371,20.01478695979876,positive
67.90727361795429,66.03110332078302,48.0,64.43210865866514,42.069094998481425,28.848628496337064,positive
69.79003184255113,84.0,48.0,76.35102380724697,54.21699431582143,29.49098266318645,positive
73.07288791458488,83.1774823674494,48.0,74.91837426119558,54.0,17.910221776521908,positive
69.3316491650093,8.206065779949151,48.0,54.6791166002663,54.78089217771604,28.17719824818742,positive
68.2794530108627,67.92354211080298,48.0,83.75627496784071,41.06167754990603,24.889799948523866,positive
67.39633041601313,77.88205261171025,48.0,77.94821806533943,53.03140335484592,34.48569039808229,positive
62.24428195448803,74.72677109136797,48.0,81.18034829105075,39.73583326963392,31.57119179557709,positive
67.3011091567366,68.0,48.0,78.1342071301508,24.150470916015436,29.48715330516855,positive
64.0,72.744617087576,48.0,5.627452735659759,34.74890315390395,26.150746202749833,positive
68.60081816244495,63.71299867670241,48.0,41.660250742681384,4.333642261504382,5.749833554342353,positive
69.48367913674997,67.30012047101151,48.0,67.23030471543721,46.05335758104756,40.33439784508579,positive
64.52747429350022,50.567075276555,48.0,67.60901288668254,48.973171329206075,28.568421877576043,positive
69.78929538994012,77.33476862615211,48.0,85.55481317804622,48.242316239318995,28.05346784238402,positive
63.7017920842682,50.4361754817418,48.0,75.36743389681718,53.47979433938324,32.92322540406689,positive
76.92128198836338,73.17047745773374,48.0,86.92023644667566,53.032301416042074,3.817415073861836,positive
62.33098929163838,70.97971382430453,48.0,64.9148392738322,40.19230679855909,28.98724824591316,positive
63.28077484046985,70.13366697083019,48.0,67.93843098753565,41.74482021763453,34.43886421214012,positive
72.90596557127185,84.0,48.0,81.92286918744419,56.13664489273803,36.08489423805776,positive
73.60718083504857,82.40793427964388,48.0,82.30906715569753,56.645841758956216,17.64271233477643,positive
73.4234110573089,8.892609797441876,48.0,47.89819964466287,53.0494666858238,26.510033018333992,positive
70.86406546634389,63.52300123646536,48.0,73.1258370179986,41.482064508205674,33.88519036585916,positive
71.08315245441146,84.0,48.0,81.77294548882294,57.438487194896304,31.867335833943933,positive
60.89710851494383,66.88641534165708,48.0,66.91398268138383,41.944615214724,41.047594894357,positive
69.51858776903796,67.05380876931255,48.0,42.265108748164465,4.140824482261937,27.41414949265819,positive
64.44978588365748,66.01149215490187,48.0,3.3690851929054144,34.42773264840683,24.942608108674065,positive
67.3422339204955,62.58719972292234,48.0,66.42331346041166,5.661103191962767,2.086861479949152,positive
72.82527550522414,74.54698486763087,48.0,67.16366075826437,50.41966816489091,31.15065629021528,positive
64.28534089998597,53.4330383621795,48.0,65.79823933526586,45.55946792833519,32.682177944458005,positive
68.53262178138415,77.32262202412716,48.0,80.99888718945097,47.902766246852664,19.382659172508752,positive
63.870226487395975,50.73230594513758,48.0,73.81105730284665,50.29972471169737,30.694340005945783,positive
69.00849936805167,50.80584994113988,48.0,84.17878350752328,46.82158543274483,17.43728773126014,positive
62.58494829641965,72.25516879584838,48.0,52.87190621081337,39.21813744173817,30.100997869486253,positive
67.21674371222994,69.84055913052698,48.0,65.607415424782,41.22106831554609,34.35871241755678,positive
72.72329592431234,84.0,48.0,78.81087916816608,55.8504224646247,34.43767965440568,positive
69.09604896825056,78.84303419136486,48.0,74.29076755666853,54.0,17.86856701465683,positive
70.37688235926649,8.529536172375375,48.0,53.3657275917478,55.56542024460556,28.677079169487964,positive
70.28672408120441,70.62132577442068,48.0,75.37116732131844,40.20199682716514,34.97065259197775,positive
67.71444471292537,82.75464721874614,48.0,78.05810706522558,47.35115248078491,34.19750465041445,positive
69.49336875381032,70.36191964676978,48.0,69.92834746966719,41.430569594839056,40.92441023064751,positive
70.41225737288124,62.927944365158034,48.0,82.50280861752721,5.329352968146997,25.676092168576034,positive
54.07972041369024,55.201905259325585,48.0,15.885843705948325,30.416957444939325,34.64022008932888,positive
67.81657567819902,62.636674353920526,48.0,61.10576556423722,4.392961063629264,2.9933248473667073,positive
63.7761063359877,69.00093453101013,48.0,66.96865574781714,41.58697201187157,28.356684888753527,positive
68.72019548007827,53.64224011024277,48.0,65.9143462164984,53.825033771019605,39.97743713787419,positive
70.08013255517758,76.34665926929317,48.0,81.83558182643662,46.31702343680876,24.45740624099252,positive
63.0,50.44992897817046,48.0,74.49383429949721,44.32785869420845,28.0,positive
76.17055947760835,56.801033271398126,48.0,80.05785221952539,50.53002748494272,10.447965909480978,positive
65.80014481192524,66.90420850260173,48.0,51.0,33.007256381673685,34.730105852014454,positive
65.55436710930381,65.03135902703524,48.0,63.79045797948153,45.25793035801345,28.285743360792416,positive
69.64305837870471,83.93449706951418,48.0,85.06601525512312,47.29838718199854,27.19981842320529,positive
70.32690929736916,78.41222030360431,48.0,74.98854713995696,54.0,22.417883953475865,positive
62.47243208087885,6.863122088524445,48.0,45.75835871445851,51.36071045968453,31.175406382328955,positive
69.57927092732413,60.615651374797494,48.0,68.05392566789102,40.215357427996594,26.938709998735387,positive
67.63007401513612,81.48069428107779,48.0,61.133103662458154,51.91782101356702,35.44563526329146,positive
64.10457549357582,68.62929096106265,48.0,77.76680549618968,42.32193979684528,39.05592064833249,positive
70.40156710200178,67.83842232268073,48.0,56.3237005764631,4.583891256821903,27.50301888185124,positive
63.12086957642564,64.2857838242558,48.0,6.4925475336754115,38.8351504152486,23.799811514896504,positive
68.33297872109956,64.68585478845881,48.0,69.1268350986781,4.571724002429213,20.773218716111433,positive
70.17108917256763,70.14235682273309,48.0,65.28116816758586,43.08944698892832,38.616966387482975,positive
64.5294959026652,60.23700424701775,48.0,65.7593247980986,51.06258682161845,32.1676685341226,positive
72.4110513944407,77.952494185386,48.0,76.33312467831968,49.621771305612256,22.222371115829887,positive
64.36289108745653,57.439661227907024,48.0,78.8794821021173,43.72480914386717,21.46280445863251,positive
71.48055251648722,58.71291494016576,48.0,81.95359877661672,45.69597273002894,16.082516047554368,positive
62.0098691835747,73.4871308670694,48.0,52.88212521795674,39.29656974173285,31.49935397201889,positive
63.245306474431864,70.52172927007699,48.0,66.30857664448105,41.11961225749785,34.71916681762397,positive
73.7224670210049,79.84867632100286,48.0,80.4039511641931,56.161819035868355,27.20031693740095,positive
73.0553864943723,82.25294690029476,48.0,78.44336534379434,55.75170532620205,19.948498510000086,positive
70.88791795341265,8.26851124691708,48.0,55.419977678188005,56.79074448896033,28.14657085684289,positive
68.46088006428481,63.1747723807082,48.0,78.875844429525,43.14494778418686,24.429240172199638,positive
70.48509230627197,84.0,48.0,83.81694336045105,57.07267730096966,32.908318749906506,positive
61.941064517482054,68.66640968652662,48.0,75.21399192510748,42.798240588159764,39.96975416843365,positive
72.08280332890935,64.70495208413567,48.0,78.62498000406798,4.0,7.5236669561105,positive
64.0,72.97874435050764,48.0,5.179515001940429,35.40179299384427,36.87537953157732,positive
64.96987608508185,59.55556930953094,48.0,52.36448836794573,6.715733170197076,2.0167733892902846,positive
71.78213499348409,77.34307662344514,48.0,62.751995954147894,46.028737422089655,35.642242942837896,positive
66.23174761809966,62.67346893769516,48.0,64.69812265350548,53.32722715626127,37.916976160546774,positive
70.30694551503504,83.84728051886658,48.0,85.1724517862407,47.92791139208472,27.34545332405391,positive
63.96466180486873,50.412186744377756,48.0,78.88566836510276,47.38793176172834,31.669813861907315,positive
70.51381145347229,58.99726277313058,48.0,84.99617788919218,52.888725499282046,22.2136705949241,positive
62.87178767939116,73.34319201307541,48.0,49.14761345838833,33.35858186130817,30.03692656022405,positive
68.39448922314965,68.82602268569225,48.0,74.53358595740411,39.529965817181726,21.7641865709953,positive
71.9722132285134,84.0,48.0,76.13571795251612,56.734624858499224,30.628597441957535,positive
73.0743055394331,79.74261192209127,48.0,80.87463547293657,56.09050676745198,17.97291461096217,positive
72.75604945616885,7.048165841692676,48.0,54.81867780243479,50.19718716561562,32.54352866694109,positive
70.46023306566548,63.257083448545636,48.0,68.04175858939422,41.14786660003502,23.138901317454746,positive
68.41145260207304,72.11539180404758,48.0,73.43222907703982,46.86221854910261,36.693046658428194,positive
63.317709948701435,75.85090289839206,48.0,82.62530667145765,42.211077344801176,31.860002317896154,positive
73.96800230415005,64.8206754245939,48.0,76.45657791104915,4.0,27.843043969250484,positive
68.19912902567968,60.090067256933644,48.0,4.169530093418471,38.278693331409194,25.241621806006936,positive
54.69627160156075,58.73020628007576,48.0,58.57328715034414,3.4859989669182387,3.259943345206648,positive
70.62930639597712,76.0051085056867,48.0,71.54318383655422,45.57686290522986,36.19119573581715,positive
64.66937351158275,50.124083830842196,48.0,57.383293048560574,47.26402089494969,35.78011007199889,positive
68.4405380545501,73.15547876203095,48.0,76.30448927534194,44.42024368793921,34.027791735443195,positive
63.0,56.02737446497905,48.0,72.51707534455595,43.73313826035087,28.0,positive
74.9750945556453,70.93107330920806,48.0,82.47119926778547,53.5616581574042,8.665252880351737,positive
61.321721251274106,73.09704646103219,48.0,50.20852673155486,34.45481494085888,19.669731295735517,positive
64.4430298838119,69.49075156798982,48.0,65.52181014222754,42.172562444030746,29.485674874115013,positive
67.97376636700439,84.0,48.0,82.88366023156479,54.85865558752433,36.55513339750754,positive
73.61229114127102,76.32430747568144,48.0,80.81413662310098,51.3096522871097,26.9236118955415,positive
72.44605568017472,8.593443832530989,48.0,56.81948323603113,54.27844264013293,28.046744819782838,positive
63.750233993732834,68.51112111810099,48.0,72.65107617174584,40.439081047131616,23.592180829467196,positive
67.06053624131818,84.0,48.0,78.3502158542334,57.63301873003286,32.39097994722342,positive
57.61855042922443,68.85898535968974,48.0,72.50942734663869,37.49595004663217,38.555770645649346,positive
65.00758701128423,68.0,48.0,78.09414876229681,10.11110096894529,44.59350767354131,positive
64.0,63.27480400064436,48.0,6.773281062874483,33.16889866833829,33.02202471319984,positive
68.84327895666179,65.3243150564946,48.0,62.77827126417907,4.999584744141748,20.99212785438971,positive
69.72206722717823,70.11155388827149,48.0,65.57067958805321,43.86569747301337,38.67556099135819,positive
62.47419114171804,50.422127520492104,48.0,57.68781221277478,48.13200786041635,35.208400244271466,positive
69.83297250823178,76.50007741597497,48.0,81.13168778688026,53.53121436469669,24.95607006507201,positive
63.024647437167914,49.658904491541406,48.0,72.54802391774723,52.897161292290164,30.284451163070685,positive
74.73738364013971,75.86616102239617,48.0,86.92032149754424,49.68984885123339,25.272046617542593,positive
60.433439988477915,67.86114073190222,48.0,50.36753139880136,38.656131441367535,36.831135074947724,positive
64.98565317530165,70.6201707377133,48.0,66.0134500931397,41.12106287554628,31.301484610100292,positive
69.01199583136452,82.29858661504491,48.0,85.15013748665436,50.088487373046355,28.83874243860438,positive
67.72410096824511,83.19499603651231,48.0,74.35384805541419,54.0,34.526787945017176,positive
70.09098482596117,8.775737058043724,48.0,47.88336204399668,56.209952802759766,27.83160705035488,positive
69.65445946841577,69.97080623865965,48.0,73.46917098570667,39.069715244835486,24.68722792060897,positive
71.96124295458122,84.0,48.0,85.42264334949644,57.56441350220218,34.372068127165356,positive
67.91357798183056,69.53574351709062,48.0,68.29614203152819,42.7911878849142,44.564377559179995,positive
77.69845616646654,67.88918426221151,48.0,45.11201228459403,4.64311410589425,27.484053267711175,positive
64.0,77.1538620932582,48.0,6.121924061216559,34.78831353419388,26.406442933591087,positive
68.64979938563422,65.41960985295549,48.0,64.50077769454724,4.966461322730621,10.613352178865313,positive
70.88722571431717,73.71602577703669,48.0,69.75899330363322,52.54227649935416,36.303518279246745,positive
63.34898764349443,50.610918698147394,48.0,53.36286304239964,48.8551824607442,33.73295962890178,positive
71.65396811734638,77.92533743208955,48.0,82.33677548773336,47.38079520731491,16.81583792912923,positive
65.91001741215763,50.32591912974107,48.0,77.74657812074311,40.7920011851164,22.042958653274226,positive
75.77732961079742,59.23866930635535,48.0,85.28329699289692,52.3214166002213,22.153240380367162,positive
