0.4,0.42,0.57,0.35,0.5,0.0,0.53,0.25,negative
0.47,0.39,0.5,0.11,0.5,0.0,0.49,0.4,negative
0.45,0.4,0.5,0.16,0.5,0.0,0.5,0.22,negative
0.43,0.44,0.48,0.22,0.5,0.0,0.51,0.22,negative
0.73,0.63,0.42,0.3,0.5,0.0,0.49,0.22,negative
0.46,0.53,0.52,0.15,0.5,0.0,0.58,0.22,negative
0.57,0.47,0.6,0.18,0.5,0.0,0.51,0.22,negative
0.38,0.61,0.61,0.12,0.5,0.0,0.53,0.47,negative
0.48,0.39,0.51,0.21,0.5,0.0,0.52,0.28,negative
0.64,0.59,0.56,0.23,0.5,0.0,0.46,0.22,negative
0.66,0.62,0.49,0.1,0.5,0.0,0.49,0.22,negative
0.53,0.44,0.51,0.33,0.5,0.0,0.55,0.22,negative
0.38,0.49,0.53,0.19,0.5,0.0,0.5,0.22,negative
0.54,0.48,0.44,0.08,0.5,0.0,0.52,0.27,negative
0.6,0.47,0.45,0.22,0.5,0.0,0.51,0.29,negative
0.34,0.46,0.57,0.09,0.5,0.0,0.55,0.22,negative
0.48,0.54,0.55,0.12,0.5,0.0,0.51,0.22,negative
0.47,0.39,0.59,0.15,0.5,0.0,0.57,0.22,negative
0.4,0.45,0.56,0.2,0.5,0.0,0.45,0.22,negative
0.49,0.61,0.49,0.25,0.5,0.0,0.5,0.28,negative
0.64,0.57,0.57,0.27,0.5,0.0,0.37,0.22,negative
0.47,0.52,0.5,0.4,0.5,0.0,0.41,0.22,negative
0.47,0.39,0.55,0.24,0.5,0.0,0.47,0.22,negative
0.65,0.65,0.52,0.16,0.5,0.0,0.6,0.22,negative
0.5,0.64,0.57,0.15,0.5,0.0,0.47,0.22,negative
0.4,0.62,0.52,0.31,0.5,0.0,0.49,0.31,negative
0.29,0.32,0.58,0.15,0.5,0.0,0.5,0.3,negative
0.39,0.47,0.56,0.16,0.5,0.0,0.47,0.22,negative
0.43,0.57,0.53,0.16,0.5,0.0,0.54,0.22,negative
0.59,0.48,0.5,0.14,0.5,0.0,0.45,0.25,negative
0.39,0.55,0.48,0.31,0.5,0.0,0.54,0.29,negative
0.44,0.39,0.53,0.14,0.5,0.0,0.54,0.44,negative
0.45,0.43,0.51,0.24,0.5,0.0,0.54,0.33,negative
0.42,0.43,0.56,0.1,0.5,0.0,0.49,0.22,negative
0.4,0.42,0.71,0.21,0.5,0.0,0.54,0.32,negative
0.4,0.42,0.71,0.21,0.5,0.0,0.54,0.32,negative
0.54,0.49,0.49,0.2,0.5,0.0,0.52,0.22,negative
0.66,0.45,0.5,0.23,0.5,0.0,0.49,0.22,negative
0.39,0.4,0.53,0.67,0.5,0.0,0.47,0.22,negative
0.24,0.34,0.69,0.18,0.5,0.0,0.52,0.22,negative
0.49,0.43,0.51,0.13,0.5,0.0,0.47,0.22,negative
0.54,0.38,0.52,0.18,0.5,0.0,0.48,0.22,negative
0.43,0.57,0.53,0.53,0.5,0.0,0.53,0.25,negative
0.48,0.64,0.61,0.23,0.5,0.0,0.6,0.22,negative
0.32,0.57,0.5,0.15,0.5,0.0,0.53,0.22,negative
0.32,0.42,0.52,0.24,0.5,0.0,0.6,0.22,negative
0.59,0.5,0.52,0.28,0.5,0.0,0.55,0.25,negative
0.37,0.42,0.51,0.11,0.5,0.0,0.57,0.22,negative
0.44,0.42,0.6,0.21,0.5,0.0,0.57,0.22,negative
0.53,0.51,0.46,0.28,0.5,0.0,0.48,0.22,negative
0.35,0.66,0.49,0.21,0.5,0.0,0.54,0.25,negative
0.57,0.41,0.59,0.24,0.5,0.0,0.4,0.22,negative
0.41,0.51,0.58,0.15,0.5,0.0,0.45,0.27,negative
0.38,0.51,0.75,0.17,0.5,0.0,0.55,0.22,negative
0.38,0.51,0.75,0.17,0.5,0.0,0.55,0.22,negative
0.45,0.27,0.57,0.36,0.5,0.0,0.52,0.18,negative
0.2,0.26,0.52,0.14,0.5,0.0,0.53,0.44,negative
0.51,0.53,0.55,0.14,0.5,0.0,0.51,0.22,negative
0.46,0.35,0.53,0.16,0.5,0.0,0.51,0.29,negative
0.52,0.54,0.5,0.21,0.5,0.0,0.48,0.3,negative
0.45,0.56,0.54,0.32,0.5,0.0,0.57,0.22,negative
0.45,0.56,0.53,0.32,0.5,0.0,0.57,0.22,negative
0.54,0.65,0.49,0.34,0.5,0.0,0.52,0.22,negative
0.59,0.58,0.46,0.19,0.5,0.0,0.56,0.27,negative
0.32,0.47,0.55,0.12,0.5,0.0,0.52,0.22,negative
0.35,0.46,0.49,0.15,1.0,0.0,0.55,0.35,negative
0.43,0.51,0.48,0.14,0.5,0.0,0.5,0.22,negative
0.63,0.62,0.42,0.12,0.5,0.0,0.52,0.25,negative
0.25,0.4,0.51,0.18,0.5,0.0,0.5,0.27,negative
0.56,0.62,0.53,0.24,0.5,0.0,0.57,0.22,negative
0.71,0.59,0.53,0.15,0.5,0.0,0.49,0.33,negative
0.45,0.4,0.56,0.14,0.5,0.0,0.54,0.22,negative
0.41,0.39,0.51,0.52,0.5,0.0,0.49,0.22,negative
0.69,0.6,0.5,0.31,0.5,0.0,0.55,0.22,negative
0.51,0.58,0.54,0.29,0.5,0.0,0.53,0.22,negative
0.5,0.5,0.48,0.17,0.5,0.0,0.47,0.26,negative
0.45,0.42,0.52,0.2,0.5,0.0,0.5,0.25,negative
0.51,0.35,0.46,0.15,0.5,0.0,0.51,0.42,negative
0.42,0.39,0.47,0.13,0.5,0.0,0.5,0.27,negative
0.32,0.38,0.52,0.2,0.5,0.0,0.52,0.28,negative
0.59,0.65,0.52,0.3,0.5,0.0,0.46,0.31,negative
0.37,0.33,0.5,0.12,0.5,0.0,0.51,0.54,negative
0.45,0.56,0.49,0.17,0.5,0.0,0.52,0.22,negative
0.6,0.4,0.59,0.18,0.5,0.0,0.48,0.22,negative
0.38,0.47,0.53,0.12,0.5,0.0,0.48,0.22,negative
0.59,0.43,0.52,0.19,0.5,0.0,0.55,0.27,negative
0.52,0.51,0.51,0.12,0.5,0.0,0.51,0.4,negative
0.49,0.43,0.48,0.15,0.5,0.0,0.55,0.25,negative
0.49,0.47,0.52,0.16,0.5,0.0,0.53,0.28,negative
0.48,0.39,0.49,0.18,0.5,0.0,0.51,0.22,negative
0.49,0.42,0.54,0.17,0.5,0.0,0.5,0.36,negative
0.74,0.53,0.5,0.08,0.5,0.0,0.55,0.31,negative
0.3,0.5,0.47,0.11,0.5,0.0,0.46,0.22,negative
0.44,0.51,0.48,0.38,0.5,0.0,0.52,0.22,negative
0.55,0.41,0.56,0.21,0.5,0.0,0.52,0.22,negative
0.58,0.45,0.48,0.24,0.5,0.0,0.52,0.37,negative
0.58,0.41,0.51,0.26,0.5,0.0,0.51,0.37,negative
0.21,0.38,0.49,0.16,0.5,0.0,0.51,0.45,negative
0.48,0.34,0.47,0.14,0.5,0.0,0.47,0.26,negative
0.53,0.43,0.47,0.15,0.5,0.0,0.58,0.22,negative
0.46,0.45,0.56,0.16,0.5,0.0,0.56,0.22,negative
0.61,0.54,0.49,0.16,0.5,0.0,0.54,0.42,negative
0.44,0.41,0.58,0.2,0.5,0.0,0.57,0.25,negative
0.41,0.3,0.49,0.28,0.5,0.0,0.54,0.22,negative
0.41,0.43,0.5,0.28,0.5,0.0,0.5,0.22,negative
0.5,0.46,0.52,0.16,0.5,0.0,0.52,0.26,negative
0.42,0.25,0.6,0.14,0.5,0.0,0.45,0.22,negative
0.38,0.49,0.54,1.0,0.5,0.0,0.5,0.27,negative
0.27,0.56,0.56,0.18,0.5,0.0,0.52,0.22,negative
0.43,0.45,0.54,0.14,0.5,0.0,0.5,0.31,negative
0.51,0.43,0.47,0.19,0.5,0.0,0.52,0.37,negative
0.5,0.45,0.48,0.17,0.5,0.0,0.5,0.26,negative
0.46,0.47,0.46,0.16,0.5,0.0,0.51,0.22,negative
0.39,0.37,0.56,0.15,0.5,0.0,0.5,0.27,negative
0.48,0.51,0.57,0.24,0.5,0.0,0.5,0.22,negative
0.49,0.44,0.45,0.22,0.5,0.0,0.51,0.22,negative
0.57,0.44,0.42,0.2,0.5,0.0,0.54,0.22,negative
0.4,0.47,0.48,0.18,0.5,0.0,0.46,0.22,negative
0.34,0.54,0.54,0.13,0.5,0.0,0.52,0.22,negative
0.29,0.46,0.54,0.27,0.5,0.0,0.49,0.22,negative
0.46,0.55,0.61,0.13,0.5,0.0,0.47,0.22,negative
0.43,0.4,0.5,0.18,0.5,0.0,0.5,0.28,negative
0.37,0.41,0.45,0.14,0.5,0.0,0.47,0.22,negative
0.5,0.36,0.53,0.41,0.5,0.0,0.55,0.36,negative
0.59,0.58,0.39,0.52,0.5,0.0,0.5,0.31,negative
0.47,0.5,0.55,0.19,0.5,0.0,0.62,0.22,negative
0.35,0.5,0.44,0.27,0.5,0.0,0.51,0.22,negative
0.29,0.34,0.55,0.24,0.5,0.0,0.51,0.22,negative
0.69,0.39,0.52,0.12,0.5,0.0,0.38,0.35,negative
0.56,0.48,0.5,0.3,0.5,0.0,0.51,0.22,negative
0.45,0.46,0.61,0.2,0.5,0.0,0.62,0.22,negative
0.49,0.45,0.46,0.18,0.5,0.0,0.49,0.31,negative
0.55,0.59,0.52,0.1,0.5,0.0,0.53,0.22,negative
0.39,0.58,0.5,0.1,0.5,0.0,0.51,0.25,negative
0.57,0.49,0.5,0.2,0.5,0.0,0.51,0.28,negative
0.62,0.43,0.49,0.29,0.5,0.0,0.5,0.27,negative
0.45,0.41,0.49,0.14,1.0,0.0,0.53,0.3,negative
0.47,0.49,0.6,0.15,0.5,0.0,0.38,0.22,negative
0.46,0.46,0.53,0.23,0.5,0.0,0.51,0.22,negative
0.48,0.42,0.48,0.19,0.5,0.0,0.58,0.22,negative
0.43,0.45,0.53,0.19,0.5,0.0,0.56,0.22,negative
0.28,0.36,0.55,0.15,0.5,0.0,0.57,0.22,negative
0.45,0.47,0.53,0.15,0.5,0.0,0.52,0.27,negative
0.55,0.63,0.54,0.16,0.5,0.0,0.45,0.27,negative
0.46,0.62,0.54,0.25,0.5,0.0,0.46,0.22,negative
0.53,0.59,0.48,0.14,0.5,0.0,0.51,0.22,negative
0.52,0.46,0.56,0.2,0.5,0.0,0.5,0.22,negative
0.56,0.48,0.5,0.17,0.5,0.0,0.51,0.26,negative
0.77,0.57,0.45,0.17,0.5,0.0,0.53,0.22,negative
0.45,0.45,0.52,0.17,0.5,0.0,0.54,0.22,negative
0.51,0.51,0.56,0.28,0.5,0.0,0.54,0.27,negative
0.48,0.56,0.49,0.32,0.5,0.0,0.5,0.22,negative
0.59,0.46,0.48,0.46,0.5,0.0,0.49,0.22,negative
0.53,0.45,0.53,0.18,0.5,0.0,0.42,0.22,negative
0.45,0.27,0.5,0.33,0.5,0.0,0.53,0.26,negative
0.48,0.5,0.56,0.11,0.5,0.0,0.33,0.22,negative
0.35,0.47,0.53,0.19,0.5,0.0,0.48,0.22,negative
0.46,0.43,0.5,0.24,0.5,0.0,0.48,0.31,negative
0.43,0.46,0.5,0.21,0.5,0.0,0.49,0.34,negative
0.59,0.47,0.51,0.53,0.5,0.0,0.53,0.26,negative
0.64,0.44,0.51,0.35,0.5,0.0,0.53,0.22,negative
0.45,0.52,0.5,0.12,0.5,0.0,0.6,0.22,negative
0.38,0.4,0.59,0.25,0.5,0.0,0.44,0.22,negative
0.39,0.39,0.59,0.25,0.5,0.0,0.45,0.22,negative
0.54,0.55,0.56,0.14,0.5,0.0,0.5,0.25,negative
0.45,0.5,0.57,0.29,0.5,0.0,0.44,0.11,negative
0.61,0.38,0.57,0.36,0.5,0.0,0.44,0.21,negative
0.61,0.38,0.57,0.36,0.5,0.0,0.44,0.21,negative
0.43,0.33,0.54,0.37,0.5,0.0,0.38,0.16,negative
0.51,0.39,0.58,0.19,0.5,0.0,0.47,0.22,negative
0.35,0.33,0.48,0.42,0.5,0.0,0.47,0.43,negative
0.46,0.35,0.69,0.18,0.5,0.0,0.3,0.25,negative
0.46,0.35,0.69,0.18,0.5,0.0,0.3,0.25,negative
0.57,0.43,0.52,0.3,0.5,0.0,0.37,0.11,negative
0.57,0.43,0.52,0.3,0.5,0.0,0.37,0.11,negative
0.59,0.51,0.48,0.12,0.5,0.0,0.54,0.31,negative
0.59,0.51,0.48,0.12,0.5,0.0,0.54,0.31,negative
0.61,0.48,0.56,0.19,0.5,0.0,0.53,0.31,negative
0.44,0.56,0.52,0.18,0.5,0.0,0.5,0.11,negative
0.36,0.56,0.52,0.18,0.5,0.0,0.45,0.16,negative
0.37,0.44,0.64,0.48,0.5,0.0,0.36,0.27,negative
0.72,0.37,0.63,0.38,0.5,0.0,0.4,0.14,negative
0.72,0.37,0.63,0.38,0.5,0.0,0.4,0.14,negative
0.44,0.36,0.64,0.45,0.5,0.0,0.53,0.11,negative
0.58,0.45,0.55,0.27,0.5,0.0,0.48,0.11,negative
0.63,0.64,0.45,0.26,0.5,0.0,0.43,0.22,negative
0.43,0.33,0.67,0.12,0.5,0.0,0.45,0.23,negative
0.43,0.33,0.67,0.12,0.5,0.0,0.43,0.23,negative
0.58,0.44,0.5,0.26,0.5,0.0,0.52,0.22,negative
0.4,0.45,0.61,0.29,0.5,0.0,0.44,0.22,negative
0.4,0.45,0.61,0.29,0.5,0.0,0.44,0.22,negative
0.34,0.34,0.65,0.4,0.5,0.0,0.32,0.16,negative
0.43,0.22,0.79,0.79,0.5,0.0,0.22,0.0,negative
0.35,0.21,1.0,0.8,0.5,0.0,0.13,0.01,negative
0.35,0.21,1.0,0.8,0.5,0.0,0.13,0.01,negative
0.56,0.35,0.47,0.41,0.5,0.0,0.5,0.22,negative
0.56,0.35,0.47,0.35,0.5,0.0,0.52,0.22,negative
0.35,0.39,0.56,0.2,0.5,0.0,0.49,0.41,negative
0.48,0.55,0.48,0.1,0.5,0.0,0.55,0.22,negative
0.69,0.54,0.55,0.23,0.5,0.0,0.73,0.22,negative
0.73,0.6,0.47,0.2,0.5,0.0,0.72,0.22,negative
0.78,0.82,0.56,0.21,0.5,0.0,0.69,0.22,negative
0.52,0.43,0.61,0.22,0.5,0.0,0.45,0.22,negative
0.52,0.43,0.61,0.22,0.5,0.0,0.45,0.22,negative
0.32,0.44,0.54,0.21,0.5,0.0,0.4,0.19,negative
0.46,0.39,0.54,0.22,0.5,0.0,0.48,0.25,negative
0.46,0.39,0.54,0.22,0.5,0.0,0.48,0.25,negative
0.46,0.54,0.59,0.41,0.5,0.0,0.53,0.21,negative
0.46,0.54,0.59,0.41,0.5,0.0,0.53,0.21,negative
0.38,0.5,0.52,0.44,0.5,0.0,0.54,0.11,negative
0.38,0.5,0.52,0.44,0.5,0.0,0.54,0.11,negative
0.51,0.52,0.58,0.17,0.5,0.0,0.47,0.28,negative
0.5,0.5,0.62,0.23,0.5,0.0,0.35,0.11,negative
0.53,0.57,0.6,0.36,0.5,0.0,0.5,0.22,negative
0.53,0.57,0.6,0.36,0.5,0.0,0.5,0.22,negative
0.37,0.3,0.62,0.43,0.5,0.0,0.44,0.39,negative
0.37,0.3,0.62,0.43,0.5,0.0,0.44,0.39,negative
0.49,0.4,0.58,0.23,0.5,0.0,0.47,0.27,negative
0.37,0.37,0.51,0.38,0.5,0.0,0.44,0.22,negative
0.34,0.25,0.55,0.28,0.5,0.0,0.51,0.49,negative
0.59,0.54,0.53,0.14,0.5,0.0,0.48,0.22,negative
0.5,0.48,0.48,0.23,0.5,0.0,0.53,0.68,negative
0.56,0.42,0.52,0.14,0.5,0.0,0.51,0.22,negative
0.6,0.51,0.49,0.18,0.5,0.0,0.53,0.38,negative
0.49,0.38,0.56,0.09,0.5,0.0,0.46,0.22,negative
0.38,0.4,0.53,0.12,0.5,0.0,0.55,0.22,negative
0.55,0.55,0.52,0.13,0.5,0.0,0.53,0.25,negative
0.46,0.44,0.58,0.17,0.5,0.0,0.55,0.22,negative
0.34,0.46,0.52,0.19,0.5,0.0,0.53,0.26,negative
0.58,0.56,0.46,0.14,0.5,0.0,0.51,0.22,negative
0.44,0.71,0.5,0.21,0.5,0.0,0.54,0.27,negative
0.41,0.49,0.47,0.09,0.5,0.0,0.49,0.22,negative
0.44,0.51,0.53,0.3,0.5,0.0,0.53,0.22,negative
0.54,0.51,0.56,0.15,0.5,0.0,0.54,0.31,negative
0.46,0.38,0.51,0.2,0.5,0.0,0.51,0.22,negative
0.41,0.4,0.56,0.17,0.5,0.0,0.56,0.22,negative
0.59,0.55,0.57,0.18,0.5,0.0,0.51,0.22,negative
0.48,0.51,0.5,0.24,0.5,0.0,0.54,0.38,negative
0.39,0.3,0.63,0.2,0.5,0.0,0.43,0.47,negative
0.42,0.43,0.67,0.7,0.5,0.0,0.42,0.25,negative
0.54,0.5,0.51,0.26,0.5,0.0,0.52,0.22,negative
0.6,0.64,0.56,0.36,0.5,0.0,0.46,0.27,negative
0.39,0.45,0.51,0.29,0.5,0.0,0.54,0.22,negative
0.43,0.47,0.47,0.18,0.5,0.0,0.47,0.22,negative
0.52,0.47,0.58,0.18,0.5,0.0,0.34,0.11,negative
0.52,0.47,0.58,0.18,0.5,0.0,0.34,0.11,negative
0.5,0.45,0.51,0.19,0.5,0.0,0.53,0.25,negative
0.61,0.5,0.61,0.21,0.5,0.0,0.55,0.54,negative
0.62,0.33,0.49,0.24,0.5,0.0,0.51,0.42,negative
0.56,0.52,0.46,0.17,0.5,0.0,0.49,0.73,negative
0.52,0.56,0.55,0.16,0.5,0.0,0.53,0.39,negative
0.53,0.48,0.51,0.18,0.5,0.0,0.52,0.27,negative
0.51,0.48,0.51,0.19,0.5,0.0,0.51,0.27,negative
0.6,0.46,0.51,0.1,0.5,0.0,0.48,0.31,negative
0.6,0.46,0.51,0.1,0.5,0.0,0.48,0.31,negative
0.44,0.4,0.53,0.19,0.5,0.0,0.48,0.27,negative
0.33,0.37,0.49,0.22,0.5,0.0,0.55,0.22,negative
0.39,0.39,0.65,0.16,0.5,0.0,0.45,0.22,negative
0.51,0.59,0.55,0.21,0.5,0.0,0.52,0.22,negative
0.41,0.35,0.6,0.22,0.5,0.0,0.56,0.79,negative
0.41,0.49,0.55,0.13,0.5,0.0,0.55,0.22,negative
0.23,0.29,0.46,0.0,0.5,0.0,0.43,0.31,negative
0.38,0.34,0.55,0.44,0.5,0.0,0.48,0.26,negative
0.63,0.64,0.49,0.2,0.5,0.0,0.52,0.25,negative
0.48,0.44,0.46,0.37,0.5,0.0,0.46,0.36,negative
0.5,0.49,0.46,0.22,0.5,0.0,0.53,0.25,negative
0.62,0.42,0.47,0.16,0.5,0.0,0.52,0.22,negative
0.5,0.45,0.52,0.18,0.5,0.0,0.52,0.22,negative
0.59,0.51,0.47,0.21,0.5,0.0,0.47,0.22,negative
0.39,0.47,0.49,0.2,0.5,0.0,0.53,0.26,negative
0.49,0.48,0.52,0.24,0.5,0.0,0.5,0.22,negative
0.57,0.35,0.5,0.43,0.5,0.0,0.53,0.22,negative
0.63,0.43,0.48,0.11,0.5,0.0,0.51,0.22,negative
0.63,0.43,0.48,0.11,0.5,0.0,0.51,0.22,negative
0.52,0.45,0.53,0.34,0.5,0.0,0.52,0.44,negative
0.54,0.48,0.55,0.33,0.5,0.0,0.55,0.4,negative
0.54,0.55,0.55,0.4,0.5,0.0,0.53,0.22,negative
0.31,0.31,0.57,0.15,0.5,0.0,0.5,0.22,negative
0.38,0.42,0.5,0.19,0.5,0.0,0.44,0.22,negative
0.33,0.36,0.62,0.26,0.5,0.0,0.55,0.22,negative
0.38,0.42,0.5,0.19,0.5,0.0,0.44,0.22,negative
0.47,0.56,0.58,0.19,0.5,0.0,0.44,0.64,negative
0.32,0.32,0.52,0.18,0.5,0.0,0.48,0.34,negative
0.44,0.54,0.51,0.16,0.5,0.0,0.58,0.22,negative
0.44,0.55,0.51,0.16,0.5,0.0,0.6,0.22,negative
0.4,0.56,0.53,0.15,0.5,0.0,0.49,0.22,negative
0.55,0.69,0.51,0.12,0.5,0.0,0.51,0.22,negative
0.25,0.26,0.53,0.17,0.5,0.0,0.45,0.22,negative
0.49,0.46,0.54,0.18,0.5,0.0,0.35,0.22,negative
0.42,0.37,0.54,0.17,0.5,0.0,0.51,0.22,negative
0.42,0.45,0.75,0.21,0.5,0.0,0.48,0.22,negative
0.39,0.45,0.75,0.17,0.5,0.0,0.51,0.22,negative
0.4,0.44,0.5,0.13,0.5,0.0,0.52,0.39,negative
0.62,0.6,0.54,0.22,0.5,0.0,0.54,0.27,negative
0.33,0.46,0.53,0.12,0.5,0.0,0.5,0.27,negative
0.57,0.36,0.51,0.25,0.5,0.0,0.54,0.25,negative
0.45,0.76,0.51,0.25,0.5,0.0,0.59,0.22,negative
0.48,0.44,0.51,0.24,0.5,0.0,0.49,0.22,negative
0.59,0.64,0.44,0.26,0.5,0.0,0.5,0.22,negative
0.79,0.56,0.53,0.19,0.5,0.0,0.47,0.35,negative
0.52,0.5,0.6,0.2,0.5,0.0,0.52,0.22,negative
0.59,0.46,0.57,0.17,0.5,0.0,0.52,0.22,negative
0.52,0.51,0.48,0.12,0.5,0.0,0.54,0.31,negative
0.5,0.46,0.49,0.27,0.5,0.0,0.6,0.22,negative
0.5,0.44,0.57,0.28,0.5,0.0,0.57,0.22,negative
0.46,0.47,0.62,0.3,0.5,0.0,0.38,0.22,negative
0.59,0.7,0.46,0.19,0.5,0.0,0.54,0.44,negative
0.19,0.41,0.55,0.13,0.5,0.0,0.52,0.25,negative
0.27,0.43,0.5,0.13,0.5,0.0,0.54,0.31,negative
0.48,0.39,0.56,0.23,0.5,0.0,0.6,0.22,negative
0.47,0.59,0.56,0.09,0.5,0.0,0.5,0.22,negative
0.4,0.28,0.58,0.44,0.5,0.0,0.41,0.22,negative
0.54,0.35,0.55,0.19,0.5,0.0,0.3,0.22,negative
0.51,0.49,0.48,0.55,0.5,0.0,0.52,0.58,negative
0.5,0.55,0.52,0.16,0.5,0.0,0.51,0.31,negative
0.65,0.63,0.47,0.22,0.5,0.0,0.52,0.27,negative
0.41,0.48,0.51,0.2,0.5,0.0,0.51,0.22,negative
0.25,0.4,0.54,0.16,0.5,0.0,0.43,0.22,negative
0.63,0.56,0.52,0.21,0.5,0.0,0.5,0.22,negative
0.56,0.68,0.42,0.36,0.5,0.0,0.49,0.22,negative
0.46,0.52,0.51,0.13,0.5,0.0,0.47,0.22,negative
0.5,0.4,0.57,0.17,0.5,0.0,0.59,0.22,negative
0.53,0.52,0.49,0.27,0.5,0.0,0.51,0.22,negative
0.5,0.47,0.56,0.31,0.5,0.0,0.56,0.26,negative
0.24,0.25,0.57,0.28,0.5,0.0,0.51,0.11,negative
0.64,0.44,0.56,0.15,0.5,0.0,0.56,0.22,negative
0.48,0.58,0.47,0.17,0.5,0.0,0.53,0.74,negative
0.47,0.5,0.6,0.63,0.5,0.0,0.38,0.16,negative
0.47,0.38,0.58,0.19,0.5,0.0,0.57,0.22,negative
0.41,0.45,0.46,0.23,0.5,0.0,0.5,0.7,negative
0.38,0.48,0.57,0.3,0.5,0.0,0.41,0.11,negative
0.6,0.61,0.54,0.11,0.5,0.0,0.46,0.22,negative
0.48,0.61,0.57,0.17,0.5,0.0,0.45,0.22,negative
0.71,0.5,0.5,0.18,0.5,0.0,0.46,0.22,negative
0.61,0.48,0.54,0.25,0.5,0.0,0.5,0.22,negative
0.38,0.32,0.64,0.41,0.5,0.0,0.44,0.11,negative
0.38,0.4,0.66,0.35,0.5,0.0,0.43,0.11,negative
0.65,0.54,0.54,0.13,0.5,0.0,0.53,0.22,negative
0.59,0.45,0.53,0.19,0.5,0.0,0.59,0.27,negative
0.56,0.48,0.58,0.27,0.5,0.0,0.51,0.22,negative
0.48,0.42,0.52,0.24,0.5,0.0,0.56,0.22,negative
0.58,0.51,0.49,0.27,0.5,0.0,0.57,0.29,negative
0.36,0.46,0.62,0.46,0.5,0.0,0.51,0.33,negative
0.41,0.4,0.59,0.47,0.5,0.0,0.48,0.43,negative
0.8,0.46,0.5,0.15,0.5,0.0,0.53,0.22,negative
0.62,0.58,0.46,0.13,0.5,0.0,0.53,0.22,negative
0.48,0.35,0.42,0.21,0.5,0.0,0.57,0.22,negative
0.41,0.52,0.41,0.11,0.5,0.0,0.54,0.35,negative
0.44,0.34,0.55,0.18,0.5,0.0,0.52,0.22,negative
0.31,0.45,0.5,0.17,0.5,0.0,0.49,0.22,negative
0.56,0.44,0.56,0.19,0.5,0.0,0.54,0.22,negative
0.66,0.62,0.52,0.17,0.5,0.0,0.49,0.22,negative
0.43,0.52,0.53,0.52,1.0,0.0,0.49,0.22,negative
0.52,0.48,0.58,0.55,0.5,0.0,0.48,0.22,negative
0.38,0.62,0.52,0.14,0.5,0.0,0.53,0.22,negative
0.53,0.43,0.57,0.24,0.5,0.0,0.39,0.28,negative
0.61,0.46,0.54,0.11,0.5,0.0,0.47,0.22,negative
0.66,0.55,0.54,0.18,0.5,0.0,0.43,0.22,negative
0.61,0.53,0.59,0.17,0.5,0.0,0.44,0.28,negative
0.34,0.34,0.65,0.4,0.5,0.0,0.32,0.16,negative
0.66,0.6,0.52,0.19,0.5,0.0,0.69,0.22,negative
0.39,0.65,0.57,0.19,0.5,0.0,0.44,0.25,negative
0.39,0.65,0.57,0.19,0.5,0.0,0.43,0.25,negative
0.41,0.49,0.65,0.28,0.5,0.0,0.59,0.57,negative
0.64,0.31,0.53,0.15,0.5,0.0,0.53,0.31,negative
0.55,0.57,0.51,0.07,0.5,0.0,0.55,0.22,negative
0.45,0.45,0.51,0.3,0.5,0.0,0.48,0.44,negative
0.25,0.48,0.45,0.32,0.5,0.0,0.4,0.22,negative
0.54,0.43,0.48,0.27,0.5,0.0,0.44,0.41,negative
0.66,0.54,0.53,0.17,0.5,0.0,0.54,0.22,negative
0.56,0.46,0.51,0.25,0.5,0.0,0.54,0.22,negative
0.86,0.68,0.39,0.24,0.5,0.0,0.54,0.22,positive
0.79,0.57,0.41,0.28,0.5,0.0,0.59,0.22,positive
0.54,0.42,0.41,0.16,0.5,0.0,0.52,0.22,positive
0.83,0.58,0.33,0.04,0.5,0.0,0.53,0.22,positive
0.71,0.56,0.39,0.27,0.5,0.0,0.52,0.22,positive
0.57,0.59,0.44,0.16,0.5,0.0,0.52,0.22,positive
0.92,0.61,0.4,0.22,0.5,0.0,0.54,0.22,positive
0.34,0.38,0.45,0.19,0.5,0.0,0.51,0.22,positive
0.81,0.76,0.32,0.37,0.5,0.0,0.51,0.22,positive
0.89,0.82,0.6,0.49,0.5,0.0,0.55,0.22,positive
0.77,0.6,0.42,0.33,0.5,0.0,0.57,0.22,positive
0.76,0.74,0.56,0.34,0.5,0.0,0.51,0.3,positive
0.58,0.76,0.4,0.37,0.5,0.0,0.54,0.3,positive
0.94,0.6,0.33,0.49,0.5,0.0,0.54,0.22,positive
0.36,0.34,0.46,0.19,0.5,0.0,0.52,0.22,positive
0.66,0.66,0.32,0.54,0.5,0.0,0.51,0.22,positive
0.74,0.56,0.35,0.36,0.5,0.0,0.51,0.25,positive
0.89,0.52,0.41,0.26,0.5,0.0,0.52,0.31,positive
0.78,0.63,0.53,0.13,0.5,0.0,0.54,0.22,positive
0.83,0.57,0.42,0.57,0.5,0.0,0.5,0.32,positive
0.43,0.38,0.38,0.12,0.5,0.0,0.5,0.22,positive
0.76,0.67,0.37,0.22,0.5,0.0,0.54,0.22,positive
0.95,0.71,0.27,0.39,0.5,0.0,0.31,0.22,positive
0.97,0.71,0.29,0.42,0.5,0.0,0.35,0.22,positive
0.81,0.55,0.35,0.34,0.5,0.0,0.51,0.22,positive
0.55,0.52,0.44,0.2,0.5,0.0,0.56,0.22,positive
0.56,0.49,0.32,0.22,0.5,0.0,0.5,0.22,positive
0.39,0.71,0.38,0.14,0.5,0.0,0.5,0.22,positive
0.37,0.42,0.46,0.15,0.5,0.0,0.51,0.31,positive
0.7,0.57,0.34,0.19,0.5,0.0,0.53,0.27,positive
0.79,0.62,0.35,0.35,0.5,0.0,0.6,0.28,positive
0.88,0.75,0.41,0.36,0.5,0.0,0.43,0.22,positive
0.71,0.51,0.49,0.23,0.5,0.0,0.3,0.32,positive
0.63,0.71,0.44,0.53,0.5,0.0,0.52,0.22,positive
0.81,0.62,0.43,0.17,0.5,0.0,0.53,0.22,positive
0.86,0.74,0.51,0.4,0.5,0.0,0.55,0.22,positive
0.81,0.9,0.39,0.41,0.5,0.0,0.53,0.22,positive
0.83,0.53,0.52,0.2,0.5,0.0,0.48,0.25,positive
0.78,0.48,0.47,0.3,0.5,0.0,0.53,0.47,positive
0.72,0.56,0.4,0.26,0.5,0.0,0.51,0.26,positive
0.7383220601766415,0.605964937654171,0.38551728186559664,0.33817991459524016,0.5,0.0,0.5053577099182113,0.24399668928842705,positive
0.3585856122875678,0.35971905266059734,0.4605533278793445,0.19997909393722657,0.5,0.0,0.52,0.22034136674256705,positive
0.898453192010365,0.5915246204381805,0.36178984677746723,0.14763180252042316,0.5,0.0,0.5302381876156564,0.22,positive
0.8744351256567978,0.5956156189225961,0.3873471317476458,0.5458400134795126,0.5,0.0,0.50118987552856,0.22670380287723985,positive
0.5422485881931124,0.5175604113665822,0.454068878424366,0.2,0.5,0.0,0.5569054447904861,0.22,positive
0.9485529733431516,0.7182570918250222,0.3542375077497914,0.37494551395687076,0.5,0.0,0.34131339347570383,0.22,positive
0.8353636553082451,0.7565310455740486,0.38649352375518425,0.3645724810851614,0.5,0.0,0.44314746916933967,0.22,positive
0.81,0.8476349891869831,0.38311559556389124,0.3864713903687745,0.5,0.0,0.5258552353312751,0.22,positive
0.7607498154403273,0.6466376412913031,0.4241355841958079,0.2084779264042555,0.5,0.0,0.5316647996311034,0.22,positive
0.5876848788644536,0.6520489672078286,0.42381527941509606,0.2663804989939844,0.5,0.0,0.5021027463896166,0.2715301741419669,positive
0.5607341691646527,0.59,0.44221903349544023,0.14646095382532756,0.5,0.0,0.5105669101205331,0.22,positive
0.8931090073933715,0.62945454822738,0.39053118390081815,0.2322779251245789,0.5,0.0,0.54,0.22,positive
0.38930806420406305,0.38,0.4205441114710906,0.16246547520008364,0.5,0.0,0.5003078803655258,0.22,positive
0.3615338642567275,0.684655065405299,0.4134966702582458,0.18146025800555057,0.5,0.0,0.5162771550649373,0.24379273799762896,positive
0.86,0.6870000137006138,0.4707083190887501,0.25297797590544563,0.5,0.0,0.5402806233712454,0.22,positive
0.7256155691704009,0.56,0.38576510350844495,0.29457185549446624,0.5,0.0,0.51,0.250784819937428,positive
0.7857293816471228,0.6161004076715759,0.415555697524941,0.34576975271242066,0.5,0.0,0.5856381142970545,0.2593558831013294,positive
0.8519836339753631,0.8461765397501015,0.42272775169400345,0.41209331101278146,0.5,0.0,0.5306778742683701,0.22,positive
0.5364618793934501,0.4272570630441638,0.46199077845740105,0.15076129140981326,0.5,0.0,0.5707490752931225,0.22,positive
0.8804987041480097,0.5960162282852196,0.33504676409533257,0.5277577548557185,0.5,0.0,0.5062372210484827,0.27984611407901666,positive
0.6551828971617897,0.6864736858595735,0.4240525895622793,0.539732592776358,0.5,0.0,0.5154849371592379,0.22,positive
0.8050283447028345,0.5878580102967834,0.36699795913071487,0.3306032202987142,0.5,0.0,0.5304459007913209,0.22,positive
0.7046311908282896,0.5612862781974703,0.3664324277962133,0.22097534400712995,0.5,0.0,0.5253967666202168,0.26857733176149334,positive
0.6758551532198608,0.536928992338139,0.5138416424726288,0.253599479743101,0.5,0.0,0.3004010560564773,0.30297494814549647,positive
0.9003251017081405,0.7332968528795468,0.30210738446664814,0.37152071628605693,0.5,0.0,0.4301116886452062,0.22,positive
0.9359824232632984,0.7175996833151506,0.3837454545458594,0.41657136376055903,0.5,0.0,0.36637120538477974,0.22,positive
0.7798073074821007,0.6159331174622781,0.35548601466482693,0.34067199575395796,0.5,0.0,0.5766272942222006,0.27886297192373155,positive
0.353892129767162,0.3643277818078373,0.45841379286258693,0.19,0.5,0.0,0.5180999155393102,0.22,positive
0.9152583808929887,0.6075098566370014,0.40540021006959487,0.2271785619379807,0.5,0.0,0.5352598304085074,0.24214087708948911,positive
0.7713080884462558,0.5433294668123309,0.48210088315171395,0.18867114205716115,0.5,0.0,0.48428449261003526,0.2241860966222653,positive
0.8588245115712316,0.6764134465186472,0.4291701394963974,0.22436806467603723,0.5,0.0,0.5358382919127007,0.22,positive
0.7257237945566526,0.5698369737725706,0.39527682193352676,0.2738857115214064,0.5,0.0,0.5834380643474426,0.22,positive
0.3991452541559776,0.40858269875079195,0.46005621777914474,0.14716172809411868,0.5,0.0,0.5001847027300856,0.2911511669353475,positive
0.8642568128385627,0.6772351004473083,0.3928360354205848,0.23379834351480072,0.5,0.0,0.54,0.22,positive
0.6475526297856804,0.495798194086535,0.47657340226441003,0.2043733289373913,0.5,0.0,0.5391703335529463,0.42084622480043204,positive
0.700974136787437,0.5600416527463297,0.3482482166154053,0.2448083358546111,0.5,0.0,0.5254528321740928,0.23294985371341465,positive
0.6624542139007482,0.7340331485685236,0.56,0.34836743041952273,0.5,0.0,0.5036723557355229,0.2706284691943802,positive
0.6238603422732716,0.6668210600080349,0.4262176685513282,0.529659295334945,0.5,0.0,0.5199848717431216,0.2850201632258196,positive
0.5583201921640447,0.48940336804708967,0.4016516074641788,0.19961805138128003,0.5,0.0,0.5022627074246122,0.22,positive
0.7963590261079772,0.6257136075082406,0.4736118754931696,0.1687236520898951,0.5,0.0,0.5357447214416212,0.22,positive
0.7329156009419341,0.56,0.37366112924168976,0.31752988550874306,0.5,0.0,0.5189018404999499,0.23879166407792715,positive
0.34958533042591144,0.36370554005725764,0.4579458637798262,0.19,0.5,0.0,0.5135900361593674,0.22,positive
0.8246704047031814,0.574935975718536,0.3312723170639057,0.08844586047690917,0.5,0.0,0.53,0.26595353427810037,positive
0.8249546039382974,0.5625986358395361,0.3886236463812342,0.41187714933870445,0.5,0.0,0.5060592111649941,0.2799552885899354,positive
0.5654919773003885,0.48791939170606335,0.42911727546080103,0.2,0.5,0.0,0.551831133937942,0.22,positive
0.8183407818927732,0.7167262483176753,0.28913084426922714,0.38955012408100087,0.5,0.0,0.35834916572282616,0.22,positive
0.81,0.8044826125118634,0.3637640059348902,0.39378584253585475,0.5,0.0,0.5289128125155873,0.22,positive
0.8530453873177312,0.8703789458748257,0.3909344746522226,0.3961646095190328,0.5,0.0,0.5108914659119412,0.22,positive
0.7503602257034421,0.6690753825581809,0.41348331860090204,0.231757721829728,0.5,0.0,0.5142704596650849,0.22,positive
0.5564602386337099,0.6584517129087027,0.43850271670851687,0.35416021252968327,0.5,0.0,0.5346313374803248,0.2555472633291618,positive
0.5899585399191273,0.5858279475884598,0.4570420548432202,0.17494938087800307,0.5,0.0,0.5551652896669295,0.25145675950271706,positive
0.9073195753611463,0.6109651903658412,0.3938228577841602,0.23901212221522647,0.5,0.0,0.54,0.22,positive
0.39136279004045826,0.3816346075352265,0.4243770745051259,0.13856181093623984,0.5,0.0,0.499066963271218,0.22,positive
0.39,0.6030046734570087,0.3936050867909069,0.10807266357212993,0.5,0.0,0.508101031875587,0.22201858354517842,positive
0.86,0.7209169012403595,0.49268323739667363,0.2643268031043289,0.5,0.0,0.5481499369681808,0.22,positive
0.7231534593510639,0.6098009760348201,0.41116489126140315,0.283260231491918,0.5,0.0,0.4959544522218606,0.2569750164628406,positive
0.7576125271739075,0.5910776626733243,0.35,0.35310103542014276,0.5,0.0,0.519698771171336,0.253297349316504,positive
0.8840915367893134,0.8123711906705735,0.5532659225795092,0.46806110152152103,0.5,0.0,0.5298311546483698,0.22,positive
0.6163236803442549,0.42,0.4156895254009025,0.16,0.5,0.0,0.52,0.22,positive
0.8798956335899131,0.5516145217201658,0.34436554422818494,0.3405553357600556,0.5,0.0,0.5218527091285459,0.22,positive
0.6345345504752011,0.6123070408252848,0.3860069536029306,0.5332731363477444,0.5,0.0,0.5021653813954156,0.22113052411275438,positive
0.727090140994184,0.5552216417377267,0.36351348707852804,0.29720398245927293,0.5,0.0,0.5138012977434383,0.22,positive
0.637619260340071,0.604013312296356,0.3524132651582224,0.13601125217629612,0.5,0.0,0.5244506909167309,0.2504207422498722,positive
0.6995162062456154,0.40366526719064477,0.4932383432251354,0.2255129664618826,0.5,0.0,0.3062444741902071,0.3342251247855156,positive
0.8985508905809111,0.7490679164562959,0.2935519735853539,0.37807672172549356,0.5,0.0,0.47932240204059073,0.22,positive
0.8658832648344319,0.7477707338318489,0.5071571313942864,0.37945491285107324,0.5,0.0,0.49847586409311195,0.22,positive
0.7743830027183964,0.5705552255187245,0.41468250759970376,0.31675702194375477,0.5,0.0,0.5810344691328378,0.22,positive
0.3263606121784437,0.38,0.4817951807001054,0.19882643474092118,0.5,0.0,0.5140067803967678,0.26629015399367995,positive
0.8456452579754639,0.5261928017015929,0.42586217635688584,0.23921383251486456,0.5,0.0,0.4989987626260316,0.2671305606921761,positive
0.7863906894006756,0.5658641925958469,0.46383349262295615,0.17768635370135097,0.5,0.0,0.5174585244738082,0.24514922975102446,positive
0.7850605327440019,0.5703944067826392,0.430493773374394,0.17,0.5,0.0,0.53,0.22,positive
0.79,0.5970116532341577,0.39001884682301974,0.2822794505583759,0.5,0.0,0.597888018902184,0.23961499783710666,positive
0.382061533221199,0.42482201663032826,0.4603148675970562,0.1560775425078491,0.5,0.0,0.514466743715475,0.2829261117534929,positive
0.9134398185858681,0.5839637044154387,0.40175287073399857,0.2260964805996985,0.5,0.0,0.539566760524237,0.26131146594306287,positive
0.7328332674246971,0.5122022644980876,0.47829691914453654,0.17993247303300203,0.5,0.0,0.5388271360647708,0.4442300232111322,positive
0.7137823453033895,0.56,0.3990147360415876,0.2690020145440483,0.5,0.0,0.5183640556088461,0.2231959390369128,positive
0.7233162900092357,0.6762342895595465,0.5258291773340524,0.3236537466894756,0.5,0.0,0.5477952335537207,0.22935108101074433,positive
0.6355018031741465,0.6936772019998472,0.3633839649710095,0.5335128251945296,0.5,0.0,0.5126228645241245,0.22,positive
0.5613788286679867,0.47195578060613164,0.3890964258707412,0.20626955738164393,0.5,0.0,0.5277207052656825,0.22,positive
0.786771685291842,0.628557642191327,0.4632583416392717,0.16241494869915798,0.5,0.0,0.5316559612409067,0.22,positive
0.7358907884942142,0.5997911129715532,0.37144414966695505,0.341627473232194,0.5,0.0,0.5096581370010685,0.2227132180653934,positive
0.3259057082338548,0.3608153428426239,0.5123501586115738,0.19787199450435788,0.5,0.0,0.52,0.2792591830336551,positive
0.8123181458115265,0.5785737780819659,0.33250849069389216,0.04603682415248445,0.5,0.0,0.53,0.26497418492295816,positive
0.8228524978321781,0.5618209586792065,0.4078779675177322,0.5621268321113805,0.5,0.0,0.5012006927425579,0.2574369122465453,positive
0.5750392538663822,0.5437787480964795,0.44863369008937143,0.1907565193651348,0.5,0.0,0.56,0.2565070119797461,positive
0.8713223105990242,0.7401922062301526,0.31182275390844294,0.38187845848899715,0.5,0.0,0.3406621714127826,0.22,positive
0.81,0.8963978737190673,0.3705142337022491,0.4082456830017004,0.5,0.0,0.5156324793363803,0.22,positive
0.8823869222226643,0.8730756097417369,0.5448953883095126,0.4876758304043878,0.5,0.0,0.5493415287345126,0.22,positive
0.7407675818947936,0.6662024098747852,0.3716880978044902,0.23582912857108257,0.5,0.0,0.5388121891259258,0.22,positive
0.5421942928552792,0.7555884283042261,0.43015552787194145,0.3579317308931547,0.5,0.0,0.5395148037155507,0.27227105393828505,positive
0.5746109651664875,0.5796627497022528,0.4414025850464856,0.15423242881904262,0.5,0.0,0.5132442927005727,0.22,positive
0.8407694129111618,0.678602990062851,0.3990595834494099,0.3083344143663889,0.5,0.0,0.5555874676840292,0.22,positive
0.3852523305286433,0.38,0.3908602612009253,0.15713680503959826,0.5,0.0,0.5007156887465294,0.22,positive
0.3710860274340054,0.6665420562760905,0.42529704755657055,0.1547388454733547,0.5,0.0,0.504673816542998,0.2369747195329188,positive
0.86,0.7275158122749589,0.4666061562415443,0.32576062559495245,0.5,0.0,0.54174678329872,0.22,positive
0.7251935726569075,0.56,0.3642387725849383,0.34344763344881823,0.5,0.0,0.51,0.2584672795862353,positive
0.8004198683621274,0.574464754520774,0.35,0.3474008044081531,0.5,0.0,0.5619200658150226,0.22501450970081655,positive
0.7657933572235396,0.7857682359966477,0.5671163571584733,0.4635414472901641,0.5,0.0,0.5318393034788627,0.26991751518776363,positive
0.5631598545984101,0.42667928590324516,0.4141842220446396,0.18753251757273443,0.5,0.0,0.5338788541400391,0.22,positive
0.9036216202390585,0.5787498756234272,0.4178942637103684,0.5284700390225564,0.5,0.0,0.5355901458984117,0.2669716136745005,positive
0.631060417979619,0.708461599044634,0.3965085228232923,0.5327316127527255,0.5,0.0,0.51952114403686,0.22,positive
0.7869593125625783,0.5550805496540653,0.3531873525988896,0.27696539883001037,0.5,0.0,0.5128277719943986,0.22,positive
0.7025217941764001,0.5689154392441202,0.3883080984736774,0.2677303541974382,0.5,0.0,0.5271514801666268,0.2327913915557939,positive
0.71,0.5046905955988255,0.4900797733135548,0.20858003126715977,0.5,0.0,0.42167023282586846,0.30647181175750765,positive
0.9526632554582124,0.71,0.27371636661472254,0.4105354678770802,0.5,0.0,0.3475534452164393,0.22,positive
0.8629293215975338,0.6805706796151987,0.3920018971231288,0.3422823501739823,0.5,0.0,0.5018431000017544,0.22,positive
0.7605853051303699,0.6121230461675667,0.42,0.32120521033229177,0.5,0.0,0.5555401425976035,0.22,positive
0.33485392960906035,0.38,0.4890839225336187,0.19445972916237897,0.5,0.0,0.5161496340409186,0.22204096651296348,positive
0.8880985314645666,0.525594970612678,0.5162026899033179,0.20792619825242714,0.5,0.0,0.5168137216802539,0.2960274784141336,positive
0.8298918001016949,0.5571578242602676,0.5239107742602734,0.19776126037839156,0.5,0.0,0.4719577115325001,0.3255097767551113,positive
0.8056417120472199,0.6481890522271575,0.37926595179758404,0.21692670481843085,0.5,0.0,0.53113017506982,0.22,positive
0.7149733016133972,0.5670194462385083,0.4098664472002912,0.2754266570275092,0.5,0.0,0.5757892053201247,0.22,positive
0.3832672676804769,0.42775075275620095,0.4749968472531998,0.1478972494113046,0.5,0.0,0.5112326127596579,0.3884303049486916,positive
0.8962054426403497,0.5568955773522822,0.40732473070201636,0.23035170827769486,0.5,0.0,0.5321794198904538,0.27725360104392605,positive
0.7890824750389697,0.480719447332928,0.5245685269005216,0.24672455410226746,0.5,0.0,0.48350361812086057,0.46940865896031464,positive
0.7183625769436923,0.56,0.3913687549423185,0.26837486622634366,0.5,0.0,0.5175088735841571,0.23140673397987885,positive
0.7427651545060961,0.6509548016593715,0.5319735900174218,0.3315106162153174,0.5,0.0,0.5341930142334332,0.24050428071149738,positive
0.6425686630134094,0.6731187500417881,0.3812294302460966,0.5359872461665596,0.5,0.0,0.5125833976396454,0.22,positive
0.552519375326903,0.5057771312921433,0.43856162075908695,0.2034753127972854,0.5,0.0,0.5190192748508791,0.22,positive
0.7419891054632621,0.6201893981140854,0.5289926338997724,0.14166317186630828,0.5,0.0,0.5023082115642625,0.22,positive
0.7306906332824956,0.5629151924388587,0.38391072391898684,0.33099471971125777,0.5,0.0,0.49178464698392715,0.22109837570654214,positive
0.3452717441790852,0.3791527961984466,0.4595429368661235,0.19,0.5,0.0,0.5197044798440199,0.22,positive
0.7729880549003115,0.5724406824048445,0.44057460943891696,0.09543094166736912,0.5,0.0,0.53,0.22,positive
0.8034695266386207,0.5697747813877008,0.4003673313050619,0.48033588954536754,0.5,0.0,0.5011636452055618,0.3019716857543741,positive
0.5086770295848497,0.5048523456987778,0.4482869636411285,0.2089682603611542,0.5,0.0,0.5384009163664304,0.23790424504826369,positive
0.8267439610808966,0.7434272392728432,0.2932533689478967,0.37140183766232515,0.5,0.0,0.46590235035583205,0.22,positive
0.81,0.8945799558059397,0.38851638500661356,0.4000677344514209,0.5,0.0,0.522822452291162,0.22,positive
0.853680402537608,0.7981394951085666,0.5054743462212936,0.4009189387344583,0.5,0.0,0.5478983161567186,0.22,positive
0.8432467619984169,0.6755544777292308,0.38376389117526155,0.23493409716917896,0.5,0.0,0.54,0.22,positive
0.5813881568522042,0.6512949666617265,0.417208949213948,0.26889610582751483,0.5,0.0,0.5030045309793492,0.24638944007393138,positive
0.5889690300273038,0.5802302162697601,0.45603715054023863,0.17157099216781346,0.5,0.0,0.5270541355926618,0.2469000239094243,positive
0.8302975581632752,0.6755245727169438,0.4273573675116678,0.22325669673412438,0.5,0.0,0.5377433488304773,0.22,positive
0.4272070741036543,0.38921379572157705,0.4559400207630501,0.12724069147521172,0.5,0.0,0.5,0.2670273454425555,positive
0.355225436518512,0.7030868653632636,0.477572091611616,0.1525659095674826,0.5,0.0,0.5023606943905301,0.22083981912886463,positive
0.8392651747898987,0.74,0.5293367982064919,0.34623789673690014,0.5,0.0,0.5361145075390616,0.24947759351064058,positive
0.7011009978776163,0.5682733866102089,0.3948623873027345,0.24994820344110616,0.5,0.0,0.5235136354333197,0.26381276044029967,positive
0.7533652178773773,0.5642240183153183,0.35,0.3509161223036012,0.5,0.0,0.5531494804424103,0.2718568046173331,positive
0.8744097480851211,0.8013724518476396,0.5700635099035589,0.4730639791835538,0.5,0.0,0.548591707481185,0.2758711353516039,positive
0.5390367074431109,0.4239687546749491,0.46515470200996717,0.1532463686854678,0.5,0.0,0.5487988473067973,0.22,positive
0.8675923957418128,0.6006860357307836,0.3331202441938905,0.4236038085098421,0.5,0.0,0.5738649969006053,0.258183692383846,positive
0.6405474340246514,0.7089584569750678,0.32358020103400614,0.533567102928047,0.5,0.0,0.5144413388883661,0.22,positive
0.7351232033421964,0.5585303850821367,0.35372854253423985,0.3377992492001748,0.5,0.0,0.5146624470486237,0.22,positive
0.7015739961493859,0.5646879423013121,0.3723295385989167,0.19599370088932053,0.5,0.0,0.5224641822728426,0.26749305863419226,positive
0.706117684172672,0.45293080445986456,0.4954360129573989,0.20893685728136727,0.5,0.0,0.334906033790646,0.33511320095568303,positive
0.9636263154508962,0.6341282107661956,0.2944308317677585,0.4592449581609477,0.5,0.0,0.5398314612037142,0.22,positive
0.8606683228154159,0.7475559278476455,0.40151552263303897,0.35680999906228766,0.5,0.0,0.46764872078964526,0.22,positive
0.7365711593071164,0.5897273238393553,0.4062409774098883,0.2854130489325902,0.5,0.0,0.5467888544963764,0.22,positive
0.3468112565492796,0.38719685892143213,0.45,0.16925209013611406,0.5,0.0,0.47354361480876905,0.22,positive
0.887361454056039,0.5238236433203652,0.4243711922292772,0.21327656606606737,0.5,0.0,0.5193362858589902,0.3062318389518092,positive
0.8257415694569707,0.5463340408698992,0.5238675281589407,0.1972060974197072,0.5,0.0,0.47792377539191094,0.30785519077573614,positive
0.7877050421185604,0.6515608242007921,0.3759667783663311,0.17923102407873512,0.5,0.0,0.5327690592702163,0.22,positive
0.7593725819391892,0.5691602516257795,0.4095361656138841,0.2760249912312016,0.5,0.0,0.5208360033304861,0.22,positive
0.4015701836957408,0.4192875358479472,0.4676533839393827,0.1725774889606561,0.5,0.0,0.5086862965410058,0.30655010624369283,positive
0.9169843728661515,0.6083171938732078,0.40438140248992094,0.24477291412286076,0.5,0.0,0.5261576292613833,0.2562415864858905,positive
0.7830665514359735,0.5165937859109524,0.5080660980333377,0.24445814020434536,0.5,0.0,0.5294627448458687,0.37473284398778095,positive
0.7134899131158543,0.56,0.39107785496679187,0.26343629315229655,0.5,0.0,0.5146968702508269,0.25918821401803444,positive
0.7460667383610279,0.6960891657566946,0.5110526019107222,0.33974315046641024,0.5,0.0,0.5190377450925159,0.28574026752288373,positive
0.5793484072973126,0.6841239179007527,0.43085806596543025,0.44751534968698314,0.5,0.0,0.4965592894692098,0.22,positive
0.5693317236148527,0.4483130917313021,0.3428366008466397,0.2130709841231913,0.5,0.0,0.520510794778514,0.22,positive
0.707943755582673,0.6206275797341482,0.5221248014129808,0.15677328110429684,0.5,0.0,0.4909005545071204,0.22,positive
0.7278231446731974,0.56,0.36322764936339164,0.32999309815347283,0.5,0.0,0.51,0.2567332355722941,positive
0.343210906694964,0.36446923658828045,0.4784108812405326,0.19256032310812896,0.5,0.0,0.52,0.2507837051983361,positive
0.8229910356092778,0.5727048433522431,0.33010773881396505,0.09125379423317759,0.5,0.0,0.53,0.22,positive
0.7968185041139587,0.5785071116058161,0.42,0.46856146709305935,0.5,0.0,0.5378836062846275,0.2533391210069751,positive
0.5560702372376815,0.4616895915253519,0.4273499630250297,0.2,0.5,0.0,0.5452295764355554,0.22,positive
0.8985930098185525,0.7221401194206094,0.3190075765632561,0.3796944899898095,0.5,0.0,0.4331583427283495,0.22,positive
0.852314728239042,0.7503725954022031,0.3803240394317576,0.36854485984603863,0.5,0.0,0.5082930500726123,0.22,positive
0.8271342982069435,0.8529113358342749,0.40951788261159533,0.40554404817876905,0.5,0.0,0.5415112716475741,0.22,positive
0.7559059228570909,0.6652563423542522,0.3786036105432304,0.2358139286165149,0.5,0.0,0.5146139747974706,0.22,positive
0.5886854558290598,0.7156171728168665,0.4038964049307462,0.4923765671947613,0.5,0.0,0.5314435788646833,0.2772888606107795,positive
0.5863703774009158,0.5845640782982684,0.4419899784547912,0.147613547531401,0.5,0.0,0.5268129870863535,0.22,positive
0.8478411552230699,0.6274226133964718,0.4220759675048848,0.18526911933918888,0.5,0.0,0.5358760400197111,0.22,positive
0.42042480112598907,0.38587587094158265,0.45119122433922076,0.12090217535896035,0.5,0.0,0.5,0.26886256743899517,positive
0.39,0.6915892950452182,0.3802887489348599,0.1127853413769279,0.5,0.0,0.5010075393307951,0.23020894259912292,positive
0.7762277623170126,0.74,0.5529984366480057,0.34137702489293326,0.5,0.0,0.5120011759647597,0.23785601684203556,positive
0.7020808304604208,0.5628828406891785,0.35857870452548246,0.22705442626978478,0.5,0.0,0.5298242693699327,0.2649370882148715,positive
0.7817793864492962,0.607410952876147,0.3633744200083804,0.3398453007621519,0.5,0.0,0.5965694165919455,0.2599167019202416,positive
0.8596195686400167,0.7833578262204891,0.5740071179821681,0.3558691880675582,0.5,0.0,0.5379534585272598,0.24918052799844012,positive
0.5031811430663977,0.4327519614846486,0.4373432985919402,0.18787756100051484,0.5,0.0,0.519893090301562,0.22,positive
0.8691741594718202,0.598980657380663,0.4142600742495266,0.5155276941507456,0.5,0.0,0.5374699050416721,0.3169303651119795,positive
0.6455768131793727,0.6981316560549659,0.34849035568208014,0.5396294226671323,0.5,0.0,0.5117417946597907,0.22,positive
0.8006475158562272,0.5594249652292723,0.37021756371937925,0.3213785584810359,0.5,0.0,0.5178119608236652,0.22,positive
0.7031255527670756,0.5619040208831809,0.3419665164056887,0.20763492000846004,0.5,0.0,0.5221651006705014,0.24610678545960346,positive
0.6910209381784393,0.5258624685279549,0.49066367158050844,0.1860287281422765,0.5,0.0,0.3253589518834267,0.24458680822160123,positive
0.905969729959031,0.7148722384886568,0.30188081969606373,0.38113232226751603,0.5,0.0,0.35922341502682853,0.22,positive
0.9630210316554751,0.7369168560356044,0.3841170093458484,0.36955634890517,0.5,0.0,0.39938724278109367,0.22,positive
0.7762587518297467,0.5985970062708784,0.41722184021906333,0.32675642917070574,0.5,0.0,0.5710776874371694,0.22,positive
0.3373202286778598,0.37233718573430985,0.48541602152758967,0.20984869397595637,0.5,0.0,0.521375977806167,0.22,positive
0.8254036681217767,0.5240657801628368,0.36517599932311473,0.3210816560442388,0.5,0.0,0.5195340541467613,0.2811722570807106,positive
0.8170761013415584,0.5182551261517977,0.5031765778967088,0.1991635020592263,0.5,0.0,0.46800673932680525,0.23962056592881248,positive
0.8385206474934045,0.6649372995606188,0.4257690890084801,0.22945563798926774,0.5,0.0,0.5317705938932866,0.22,positive
0.7594418126585155,0.5643493038059203,0.39926267180401165,0.2740427363512185,0.5,0.0,0.5731045819914562,0.22,positive
0.3978040870140341,0.4081626532638411,0.48583101371768683,0.1602113315813243,0.5,0.0,0.5036132011478357,0.3025145018295279,positive
0.8745811657294424,0.6346664815492147,0.3964900189335136,0.23019899309860972,0.5,0.0,0.54,0.22,positive
0.8772142565129634,0.4934919193589502,0.44345856769472386,0.2967921811002124,0.5,0.0,0.5280431894527046,0.35108575560633803,positive
0.7164870089684348,0.56,0.3945577449005227,0.26331688386061536,0.5,0.0,0.5191036434165367,0.23431373898086863,positive
0.7319935634408344,0.6536727603940784,0.5090199367532929,0.3169999838237344,0.5,0.0,0.5148751874089185,0.24203035827637387,positive
0.6000022988471564,0.6355442911727589,0.425085639142089,0.5218807304043767,0.5,0.0,0.5170979684551565,0.23754008438313473,positive
0.542808493479152,0.46018073184054015,0.35018168998999305,0.17819667091327557,0.5,0.0,0.5064183220331875,0.22,positive
0.7774714787314935,0.6244263174327382,0.5171460068020288,0.12583641171358084,0.5,0.0,0.5042684687903597,0.22,positive
0.7377787244390644,0.56,0.3880051711831423,0.3161777154773707,0.5,0.0,0.517892354795211,0.24889266704761973,positive
0.3544213816924808,0.34159453180769406,0.4576818594489036,0.19,0.5,0.0,0.5176979424077442,0.22,positive
0.8190454089824901,0.6071362841800508,0.41714625719276766,0.14405191403487644,0.5,0.0,0.53,0.22,positive
0.7920090568230189,0.5894427490124216,0.42,0.4375230643542928,0.5,0.0,0.5266273734341559,0.298468728507605,positive
0.565642597153351,0.4431100541125233,0.42046013435323565,0.2,0.5,0.0,0.5552683808293215,0.22,positive
0.9410685638646009,0.6560562347606775,0.29661674890523104,0.4793076976832166,0.5,0.0,0.4292757635908804,0.22,positive
0.81,0.7853298798811208,0.3717842067796995,0.40707810433320546,0.5,0.0,0.5293181009951147,0.22,positive
0.8559398821396611,0.8783276573457499,0.5862562706245377,0.46486502798749807,0.5,0.0,0.5330532091454383,0.22,positive
0.769498306091847,0.6087432029288173,0.4039853532470454,0.3044536757736126,0.5,0.0,0.5474706783637051,0.22,positive
0.585517651014151,0.7425124332281338,0.4242135769515093,0.2947447908269313,0.5,0.0,0.5330944007795023,0.2703787917372712,positive
0.5973509132441361,0.587204198653228,0.44818252426593924,0.1455419767272664,0.5,0.0,0.5274267774505808,0.22,positive
0.7963274472869339,0.6751105974521446,0.3776878751434502,0.22581791670125193,0.5,0.0,0.54,0.22,positive
0.37059083881470617,0.39953053932491545,0.4489235857267538,0.13619562027927704,0.5,0.0,0.4974656501861399,0.22,positive
0.4045306019579603,0.71,0.47754161625402014,0.19959349039902824,0.5,0.0,0.5317752683399911,0.2665977183163677,positive
0.8705525526722764,0.7490383767370201,0.4890684262586476,0.38075344587736654,0.5,0.0,0.436230907286175,0.22,positive
0.7287092203254184,0.606881400850966,0.40429045485876297,0.290045116594129,0.5,0.0,0.4965916063434436,0.22354560814262114,positive
0.7835952615727035,0.618353021000931,0.40605995993352606,0.33724716052106396,0.5,0.0,0.5756425654463415,0.22660299564760036,positive
0.807809873245833,0.7918701913245231,0.5630091968125253,0.3655015179035861,0.5,0.0,0.5185757925917548,0.28655506135702136,positive
0.6125482668388479,0.42,0.4671352807217186,0.16,0.5,0.0,0.52,0.22,positive
0.8124064255535819,0.5937402708759776,0.33324013071788455,0.4882058514864661,0.5,0.0,0.5301882547670157,0.22,positive
0.6506036629825199,0.6853438600735912,0.4355714789240029,0.5382191997063891,0.5,0.0,0.5101439982347368,0.22,positive
0.7656799335676705,0.5553303745477088,0.35,0.3484761846156681,0.5,0.0,0.51,0.22038127618797848,positive
0.7199052388476005,0.562062093703566,0.34431647187658115,0.20848131064853404,0.5,0.0,0.5159590910441938,0.269897319056856,positive
0.698043600054637,0.4996681046514566,0.4992901508008078,0.15056582207544725,0.5,0.0,0.3726492207655454,0.3336228601558191,positive
0.941772260633372,0.6331640620386968,0.3083991619357217,0.467900077471514,0.5,0.0,0.4887367638099929,0.22,positive
0.8587984738426947,0.757927550106573,0.3891443850013949,0.3690445950606804,0.5,0.0,0.46005650942053056,0.22,positive
0.7697171787302202,0.5967502681938202,0.3921215384432354,0.28932009577434653,0.5,0.0,0.5265990138377064,0.22,positive
0.3631176853288281,0.3926869641613721,0.45,0.17638873915066242,0.5,0.0,0.4798944303923598,0.22,positive
0.8868856997200394,0.5636925161413592,0.41,0.27702585937991564,0.5,0.0,0.5791609766283363,0.22857395060519692,positive
0.79011986821251,0.5449997396325102,0.5230905966918046,0.1972312105045373,0.5,0.0,0.47224606623280485,0.2699351579760953,positive
0.7956289263056557,0.6080752101421317,0.43978774746135463,0.17,0.5,0.0,0.53,0.22,positive
0.79,0.5718073712486921,0.35883041698309576,0.34792396042926943,0.5,0.0,0.5913319882166446,0.23894187557975965,positive
0.39830701062793755,0.40213512203937435,0.48481789189833346,0.15290253471287452,0.5,0.0,0.50189651733079,0.2929075377676252,positive
0.9167150050439551,0.5284498172531547,0.40087944100422274,0.2279007311823499,0.5,0.0,0.5387212192725154,0.24041654320527786,positive
0.6998640160430998,0.5030844704603216,0.4790969117031018,0.21930189468782946,0.5,0.0,0.53,0.44314425899104887,positive
0.7071807843171062,0.5632813670898542,0.3708441134722171,0.24016141267838864,0.5,0.0,0.5246761740357759,0.2646547286946934,positive
0.6056367034203136,0.7243843313477373,0.559448176524933,0.3140300425769237,0.5,0.0,0.46147959316606624,0.30286912114252473,positive
0.5989041166566333,0.628439743436227,0.41889754348134295,0.5241298183820029,0.5,0.0,0.5011329557616446,0.28523786617056635,positive
0.5760668777984209,0.47061644593903407,0.35794164201771417,0.22,0.5,0.0,0.5018579301472881,0.23693907021476063,positive
0.8077530498419507,0.6288971362535554,0.5197849514042467,0.14208080775909335,0.5,0.0,0.5340172067407923,0.22,positive
0.7128825873891473,0.56,0.3649248643336521,0.3276971801635641,0.5,0.0,0.512325740172357,0.23232872175942995,positive
0.3579170924301333,0.3531144982143088,0.45627635057753513,0.19,0.5,0.0,0.515144064981927,0.22,positive
0.8982661038083858,0.5865838623641958,0.372005049354756,0.1723367233910197,0.5,0.0,0.5391486032531607,0.22,positive
0.8050565969828198,0.5637610317994836,0.4160948617249455,0.45111642952584036,0.5,0.0,0.5073398894272744,0.2628406103191824,positive
0.554503344354675,0.4755339680490427,0.42456947641818693,0.2,0.5,0.0,0.5443324272773072,0.22,positive
0.9232013683661806,0.7136956464813701,0.37951371809213297,0.37783322667956903,0.5,0.0,0.37977453175456816,0.22,positive
0.850987760467635,0.6817318687061102,0.3358584204246176,0.33454070372402483,0.5,0.0,0.517610434074909,0.22,positive
0.8220781588530354,0.8402758510023965,0.45949809980560863,0.4095457819875845,0.5,0.0,0.5409304142355057,0.22,positive
0.7698799213213429,0.6413183570807891,0.38257628355523465,0.3238334325383526,0.5,0.0,0.5624015162420855,0.22,positive
0.589744109528687,0.7025877306576868,0.4345964734635746,0.2667259693878893,0.5,0.0,0.5002042514467018,0.25735498771731147,positive
0.5731749894094778,0.5892699113647252,0.4566302078650998,0.1854158349028582,0.5,0.0,0.5416279094024827,0.23180860684871263,positive
0.8270880448835252,0.6509878392861153,0.4038218670021625,0.3028143833889112,0.5,0.0,0.5599608899023308,0.22,positive
0.4707818136831368,0.39091415416982567,0.3828614793438839,0.15860086489877273,0.5,0.0,0.5097524880561245,0.22,positive
0.3818420769446577,0.6952866770612415,0.4171300054426514,0.14,0.5,0.0,0.5120454905540889,0.22,positive
0.86,0.7106145027538497,0.5026714078992345,0.3073271037180057,0.5,0.0,0.5477419785836539,0.22,positive
0.7105912398709591,0.5670755498596433,0.3400587230081117,0.2043402165255508,0.5,0.0,0.5292571457649685,0.2621620579931957,positive
0.79,0.5700182669319129,0.4021638257154992,0.3316804903563063,0.5,0.0,0.5952557420880513,0.2530257334318116,positive
0.8662077399843491,0.7989162731751559,0.5963733800759711,0.3533237523085144,0.5,0.0,0.5130806891267522,0.293095377886966,positive
0.6087584044982574,0.42,0.42654120369308507,0.16,0.5,0.0,0.52,0.22,positive
0.8575063577716712,0.5879865517459382,0.3659031535453527,0.49613281319700314,0.5,0.0,0.5146444654262129,0.3194361072478761,positive
0.6449699390616305,0.6828510920622954,0.3291516998743804,0.5318490711833278,0.5,0.0,0.5109437714485412,0.22,positive
0.7779684809989883,0.5938971250657917,0.3930350686256752,0.3305971334308257,0.5,0.0,0.5583181473912426,0.22,positive
0.7121213284388104,0.5604749889343733,0.34838927916794465,0.24562662737431543,0.5,0.0,0.5101157883120956,0.2695573143747463,positive
0.6641430675099902,0.5155870585496121,0.5028987924084709,0.18197038770012566,0.5,0.0,0.3215776868059063,0.3082323863224169,positive
0.961599091301244,0.6034374524991691,0.30662372462792403,0.4305249880417754,0.5,0.0,0.4362898700849287,0.22,positive
0.9595192935122474,0.7408034549545759,0.30455839553522895,0.3667396530396379,0.5,0.0,0.39543909426926893,0.22,positive
0.788487278360126,0.6049452796289021,0.3822392950748959,0.34152421412111955,0.5,0.0,0.5842760395256459,0.22773068458747234,positive
0.3409308230068987,0.36025431875602776,0.45701798495618784,0.19,0.5,0.0,0.5139175479596,0.22,positive
0.8427101470631323,0.5333924419046415,0.41,0.26798946795848977,0.5,0.0,0.5233294742626787,0.3001522388723249,positive
0.825947624435052,0.5415167076986045,0.5299612013106322,0.1949609676990273,0.5,0.0,0.47686121672921655,0.2772732201328488,positive
0.7824771728192556,0.5775331207150284,0.4455585576966834,0.17,0.5,0.0,0.53,0.22,positive
0.7455421057097324,0.5671228086324297,0.3965604527764652,0.27360404216608675,0.5,0.0,0.5877651602303814,0.22,positive
0.38280908503179406,0.45433103837186434,0.4672559074599684,0.17696965205911186,0.5,0.0,0.5249276142272127,0.3005846321780651,positive
0.9165901259454518,0.638911757726008,0.3900029008880824,0.23894680473626262,0.5,0.0,0.54,0.22,positive
0.8266783591700286,0.48817763310323925,0.44358330975465904,0.29947999777616174,0.5,0.0,0.52310784073819,0.3733156841145492,positive
0.7194156983294355,0.56,0.3844149431685381,0.2808963756704727,0.5,0.0,0.5119076068734593,0.24238023494023672,positive
0.6311831317353239,0.6457406663800817,0.56,0.35007319547876137,0.5,0.0,0.4909217229520564,0.29137088214186607,positive
0.6017842679199626,0.6979940396989572,0.43032445533337943,0.37224322072411076,0.5,0.0,0.5110219570990839,0.22,positive
0.5872505794942676,0.47110343478772304,0.390534374318975,0.22,0.5,0.0,0.5028154422760743,0.22695299186952153,positive
0.7765316490654028,0.5796382340199461,0.5277381336594164,0.1535103394785377,0.5,0.0,0.5355953832641973,0.22,positive
0.7339454289968942,0.56,0.3658993222699168,0.3149189748559599,0.5,0.0,0.5112746224913112,0.23046607495575822,positive
0.33001117230421423,0.34592720213070016,0.5041537473722104,0.1970998953065246,0.5,0.0,0.52,0.26016410000178325,positive
0.9059656022193774,0.6099280265881261,0.3375402193197792,0.20463238259080163,0.5,0.0,0.5312782032132574,0.22,positive
0.8511799627354137,0.5706262782915706,0.33928405023428776,0.5228047075832714,0.5,0.0,0.5048551920752615,0.3098393744977441,positive
0.5430527885241134,0.5166464755362481,0.4682820071255945,0.2,0.5,0.0,0.556180422401405,0.22,positive
0.9427801004394483,0.6618184236760624,0.2889938139474071,0.45631806431863253,0.5,0.0,0.5032179348056331,0.22,positive
0.814481134251498,0.747898552479049,0.3209350535385651,0.3648220282983817,0.5,0.0,0.5185740181197964,0.22,positive
0.8699993824672665,0.8964566325451578,0.43082953411843317,0.4846467188860223,0.5,0.0,0.5473378383797365,0.22,positive
0.7656042786635473,0.6283716871036504,0.3712802789369572,0.27862255377143685,0.5,0.0,0.540301948963226,0.22,positive
0.5724979807821787,0.7246354218071323,0.40920660436552936,0.3606978679938239,0.5,0.0,0.5199155654992761,0.22790044286584688,positive
0.5876920613752272,0.5804560878377237,0.45884013069479196,0.18269716675057307,0.5,0.0,0.523004301717464,0.24169519743192078,positive
0.8426122147307803,0.6509930437457461,0.42981981844925893,0.22138798005706783,0.5,0.0,0.5380868897890084,0.22,positive
0.4246102808063181,0.3827234082347637,0.4184300946077574,0.13634842989271756,0.5,0.0,0.48372973936737107,0.22,positive
0.3659731649184353,0.6740652097006631,0.4789019924401709,0.18383200591941576,0.5,0.0,0.5293114790543128,0.22077768097051179,positive
0.8687273205903012,0.7781011021053106,0.5116135847180959,0.48189688514486306,0.5,0.0,0.55,0.22,positive
0.713021144826844,0.56,0.3916595011096504,0.26791190031422474,0.5,0.0,0.5119390020972475,0.23369797566841602,positive
0.7961254973581728,0.5629323255523453,0.35,0.34890378053441695,0.5,0.0,0.5300658223875298,0.276641920722272,positive
0.8733435743763536,0.8485858183550427,0.47065022054701894,0.4183986194039281,0.5,0.0,0.5379972580076119,0.22,positive
0.5184442095402461,0.43486290339014305,0.4188385579082662,0.1863279106321961,0.5,0.0,0.5183728850414251,0.22,positive
0.8618607827409074,0.6158779823740436,0.34175737011932356,0.3926405587738233,0.5,0.0,0.5666123208535057,0.27415864953024555,positive
0.6336398735911742,0.6323052273249441,0.3501919596561274,0.5268112936838196,0.5,0.0,0.50977894427274,0.3053115306507037,positive
0.766729434483468,0.5599339355511992,0.35,0.3599324490133491,0.5,0.0,0.51,0.22034038940130773,positive
0.7368369928090347,0.5636575448750308,0.3456873197311638,0.3397807489073554,0.5,0.0,0.5199234889472066,0.2687797334387333,positive
0.71,0.5042155934445528,0.4933857458095498,0.18154330000757013,0.5,0.0,0.3680264386442909,0.2216145878740798,positive
0.9437588550543748,0.7407085325953572,0.39254514456563877,0.3817659345061019,0.5,0.0,0.35767827025117743,0.22,positive
0.8827309459658117,0.7418019175052027,0.3234978362118126,0.4105436415161003,0.5,0.0,0.42182270348743733,0.22,positive
0.7367480189461334,0.5759181844788649,0.39811455568284265,0.3226323840983569,0.5,0.0,0.549267808065817,0.22,positive
0.33007223265867724,0.3787136995995128,0.47570146215785536,0.21981806835325635,0.5,0.0,0.5479821180001786,0.22,positive
0.8609472012328971,0.5256567275467066,0.357901888199523,0.3316255786047243,0.5,0.0,0.5112450429836034,0.2659465966173409,positive
0.7743212334511429,0.5458091269708305,0.5090377074368388,0.19597266357442653,0.5,0.0,0.5253401934333142,0.23394272254621148,positive
0.7808347330684535,0.6004959413426,0.43013106900453535,0.17,0.5,0.0,0.53,0.22,positive
0.7612108820535408,0.5641366820309627,0.4001343128179745,0.2795916807218917,0.5,0.0,0.5387643687821146,0.22,positive
0.3913323369874492,0.4067606696447713,0.4746844850996577,0.16256234725553187,0.5,0.0,0.5015042010423111,0.2861441079290523,positive
0.9140262547630837,0.5283654303211281,0.4005813814139153,0.22196350723941968,0.5,0.0,0.5245874876655572,0.2700617383702283,positive
0.7035137284540269,0.5099334961443033,0.4891070075283725,0.2655714129854343,0.5,0.0,0.53,0.42280528188111266,positive
0.7274917208799191,0.570003978455714,0.4110606916539008,0.2851029845462039,0.5,0.0,0.4958474016557969,0.22,positive
0.8435655655199005,0.74,0.5338972188461093,0.3653143797844438,0.5,0.0,0.5428968466792623,0.2608128080164258,positive
0.5926862490038696,0.6973934350043695,0.42093698933581447,0.47856679986944417,0.5,0.0,0.5027009951711038,0.22,positive
0.5834398236179833,0.4810264256134911,0.3914744098398572,0.22,0.5,0.0,0.5074346126578303,0.2730354100530348,positive
0.7724392471445508,0.6247660299731369,0.5200146363257145,0.1304014693566374,0.5,0.0,0.5283332607161457,0.22,positive
0.7325124051342922,0.56,0.3538645395058728,0.3261742600429427,0.5,0.0,0.5128340052273556,0.23914627528520052,positive
0.354778987332093,0.36205538097687456,0.45150825770865066,0.19,0.5,0.0,0.514678976732382,0.22,positive
0.8687661354285557,0.5852091662332295,0.36258965122368275,0.06597974823483922,0.5,0.0,0.5375158340607119,0.22,positive
0.8251438518053417,0.5517157798147886,0.3786182680659657,0.5080084219620105,0.5,0.0,0.503737504270265,0.27709063673186735,positive
0.5497537465804567,0.4957441602460954,0.4760770403670232,0.2,0.5,0.0,0.5544435425183468,0.22,positive
0.9369384701319627,0.7552254652603371,0.28027691702596846,0.3787316905854314,0.5,0.0,0.36162697112718534,0.22,positive
0.81,0.7676858216277515,0.35998215549043633,0.39973402293923826,0.5,0.0,0.527844077741053,0.22,positive
0.8198773469032633,0.8807102927860669,0.4147013296208197,0.40114232593240423,0.5,0.0,0.5393946126299501,0.22,positive
0.80060596724859,0.672321345483065,0.3841587837119147,0.23035213267383103,0.5,0.0,0.54,0.22,positive
0.5789718149775259,0.70071083887371,0.41766247724315575,0.3642338849505974,0.5,0.0,0.5285572244090303,0.2412279379686666,positive
0.5993702602571606,0.5842104923135036,0.4534816729909962,0.15092139645314753,0.5,0.0,0.524853960076099,0.22,positive
