0.51,0.4,0.56,0.17,0.5,0.5,0.49,0.22,negative
0.4,0.39,0.6,0.15,0.5,0.0,0.58,0.3,negative
0.4,0.42,0.57,0.35,0.5,0.0,0.53,0.25,negative
0.46,0.44,0.52,0.11,0.5,0.0,0.5,0.22,negative
0.47,0.39,0.5,0.11,0.5,0.0,0.49,0.4,negative
0.43,0.44,0.48,0.22,0.5,0.0,0.51,0.22,negative
0.43,0.53,0.52,0.13,0.5,0.0,0.55,0.22,negative
0.46,0.53,0.52,0.15,0.5,0.0,0.58,0.22,negative
0.57,0.47,0.6,0.18,0.5,0.0,0.51,0.22,negative
0.38,0.61,0.61,0.12,0.5,0.0,0.53,0.47,negative
0.4,0.45,0.57,0.18,0.5,0.0,0.56,0.26,negative
0.48,0.39,0.51,0.21,0.5,0.0,0.52,0.28,negative
0.64,0.59,0.56,0.23,0.5,0.0,0.46,0.22,negative
0.64,0.56,0.56,0.22,0.5,0.0,0.45,0.22,negative
0.66,0.62,0.49,0.1,0.5,0.0,0.49,0.22,negative
0.38,0.49,0.53,0.19,0.5,0.0,0.5,0.22,negative
0.54,0.48,0.44,0.08,0.5,0.0,0.52,0.27,negative
0.6,0.47,0.45,0.22,0.5,0.0,0.51,0.29,negative
0.34,0.46,0.57,0.09,0.5,0.0,0.55,0.22,negative
0.48,0.54,0.55,0.12,0.5,0.0,0.51,0.22,negative
0.47,0.39,0.59,0.15,0.5,0.0,0.57,0.22,negative
0.42,0.47,0.52,0.41,0.5,0.0,0.53,0.32,negative
0.49,0.61,0.49,0.25,0.5,0.0,0.5,0.28,negative
0.64,0.57,0.57,0.27,0.5,0.0,0.37,0.22,negative
0.47,0.39,0.55,0.24,0.5,0.0,0.47,0.22,negative
0.3,0.56,0.55,0.18,0.5,0.0,0.5,0.22,negative
0.65,0.65,0.52,0.16,0.5,0.0,0.6,0.22,negative
0.4,0.62,0.52,0.31,0.5,0.0,0.49,0.31,negative
0.6,0.5,0.57,0.25,0.5,0.0,0.41,0.26,negative
0.34,0.54,0.5,0.21,0.5,0.0,0.54,0.31,negative
0.29,0.32,0.58,0.15,0.5,0.0,0.5,0.3,negative
0.43,0.57,0.53,0.16,0.5,0.0,0.54,0.22,negative
0.39,0.55,0.48,0.31,0.5,0.0,0.54,0.29,negative
0.44,0.39,0.53,0.14,0.5,0.0,0.54,0.44,negative
0.45,0.43,0.51,0.24,0.5,0.0,0.54,0.33,negative
0.42,0.43,0.56,0.1,0.5,0.0,0.49,0.22,negative
0.4,0.42,0.71,0.21,0.5,0.0,0.54,0.32,negative
0.54,0.49,0.49,0.2,0.5,0.0,0.52,0.22,negative
0.21,0.41,0.55,0.11,0.5,0.0,0.5,0.27,negative
0.24,0.34,0.69,0.18,0.5,0.0,0.52,0.22,negative
0.49,0.43,0.51,0.13,0.5,0.0,0.47,0.22,negative
0.43,0.57,0.53,0.53,0.5,0.0,0.53,0.25,negative
0.48,0.64,0.61,0.23,0.5,0.0,0.6,0.22,negative
0.31,0.55,0.52,0.17,0.5,0.0,0.52,0.22,negative
0.32,0.57,0.5,0.15,0.5,0.0,0.53,0.22,negative
0.32,0.42,0.52,0.24,0.5,0.0,0.6,0.22,negative
0.37,0.42,0.51,0.11,0.5,0.0,0.57,0.22,negative
0.44,0.42,0.6,0.21,0.5,0.0,0.57,0.22,negative
0.53,0.51,0.46,0.28,0.5,0.0,0.48,0.22,negative
0.35,0.66,0.49,0.21,0.5,0.0,0.54,0.25,negative
0.52,0.4,0.6,0.12,0.5,0.0,0.55,0.22,negative
0.56,0.41,0.58,0.21,0.5,0.0,0.42,0.22,negative
0.41,0.51,0.58,0.15,0.5,0.0,0.45,0.27,negative
0.38,0.51,0.75,0.17,0.5,0.0,0.55,0.22,negative
0.38,0.51,0.75,0.17,0.5,0.0,0.55,0.22,negative
0.38,0.48,0.59,0.22,0.5,0.0,0.46,0.22,negative
0.56,0.52,0.55,0.19,0.5,0.0,0.54,0.22,negative
0.52,0.54,0.5,0.21,0.5,0.0,0.48,0.3,negative
0.55,0.46,0.53,0.11,0.5,0.0,0.52,0.48,negative
0.45,0.56,0.54,0.32,0.5,0.0,0.57,0.22,negative
0.45,0.56,0.53,0.32,0.5,0.0,0.57,0.22,negative
0.54,0.65,0.49,0.34,0.5,0.0,0.52,0.22,negative
0.59,0.58,0.46,0.19,0.5,0.0,0.56,0.27,negative
0.55,0.56,0.45,0.14,0.5,0.0,0.54,0.22,negative
0.32,0.47,0.55,0.12,0.5,0.0,0.52,0.22,negative
0.35,0.46,0.49,0.15,1.0,0.0,0.55,0.35,negative
0.43,0.51,0.48,0.14,0.5,0.0,0.5,0.22,negative
0.57,0.61,0.45,0.26,0.5,0.0,0.5,0.22,negative
0.63,0.62,0.42,0.12,0.5,0.0,0.52,0.25,negative
0.25,0.4,0.51,0.18,0.5,0.0,0.5,0.27,negative
0.56,0.62,0.53,0.24,0.5,0.0,0.57,0.22,negative
0.58,0.6,0.51,0.24,0.5,0.0,0.53,0.22,negative
0.35,0.36,0.57,0.17,0.5,0.0,0.52,0.22,negative
0.47,0.47,0.58,0.16,0.5,0.0,0.49,0.28,negative
0.41,0.39,0.51,0.52,0.5,0.0,0.49,0.22,negative
0.69,0.6,0.5,0.31,0.5,0.0,0.55,0.22,negative
0.55,0.66,0.57,0.32,0.5,0.0,0.57,0.34,negative
0.62,0.58,0.52,0.15,0.5,0.0,0.52,0.29,negative
0.5,0.5,0.48,0.17,0.5,0.0,0.47,0.26,negative
0.45,0.42,0.52,0.2,0.5,0.0,0.5,0.25,negative
0.42,0.39,0.47,0.13,0.5,0.0,0.5,0.27,negative
0.32,0.38,0.52,0.2,0.5,0.0,0.52,0.28,negative
0.59,0.65,0.52,0.3,0.5,0.0,0.46,0.31,negative
0.37,0.33,0.5,0.12,0.5,0.0,0.51,0.54,negative
0.45,0.56,0.49,0.17,0.5,0.0,0.52,0.22,negative
0.64,0.53,0.45,0.13,0.5,0.0,0.53,0.22,negative
0.52,0.51,0.51,0.12,0.5,0.0,0.51,0.4,negative
0.49,0.43,0.48,0.15,0.5,0.0,0.55,0.25,negative
0.49,0.47,0.52,0.16,0.5,0.0,0.53,0.28,negative
0.48,0.39,0.49,0.18,0.5,0.0,0.51,0.22,negative
0.49,0.42,0.54,0.17,0.5,0.0,0.5,0.36,negative
0.74,0.53,0.5,0.08,0.5,0.0,0.55,0.31,negative
0.3,0.5,0.47,0.11,0.5,0.0,0.46,0.22,negative
0.44,0.51,0.48,0.38,0.5,0.0,0.52,0.22,negative
0.55,0.41,0.56,0.21,0.5,0.0,0.52,0.22,negative
0.4,0.48,0.5,0.17,0.5,0.0,0.54,0.5,negative
0.58,0.45,0.48,0.24,0.5,0.0,0.52,0.37,negative
0.21,0.38,0.49,0.16,0.5,0.0,0.51,0.45,negative
0.35,0.4,0.53,0.18,0.5,0.0,0.42,0.38,negative
0.46,0.45,0.56,0.16,0.5,0.0,0.56,0.22,negative
0.61,0.54,0.49,0.16,0.5,0.0,0.54,0.42,negative
0.61,0.54,0.49,0.19,0.5,0.0,0.54,0.47,negative
0.51,0.43,0.63,0.18,0.5,0.0,0.52,0.22,negative
0.5,0.46,0.52,0.16,0.5,0.0,0.52,0.26,negative
0.51,0.34,0.43,0.18,0.5,0.0,0.48,0.25,negative
0.43,0.51,0.6,0.25,0.5,0.0,0.55,0.22,negative
0.42,0.25,0.6,0.14,0.5,0.0,0.45,0.22,negative
0.38,0.49,0.54,1.0,0.5,0.0,0.5,0.27,negative
0.27,0.56,0.56,0.18,0.5,0.0,0.52,0.22,negative
0.43,0.45,0.54,0.14,0.5,0.0,0.5,0.31,negative
0.51,0.43,0.47,0.19,0.5,0.0,0.52,0.37,negative
0.54,0.54,0.49,0.14,0.5,0.0,0.56,0.22,negative
0.5,0.45,0.48,0.17,0.5,0.0,0.5,0.26,negative
0.46,0.47,0.46,0.16,0.5,0.0,0.51,0.22,negative
0.39,0.37,0.56,0.15,0.5,0.0,0.5,0.27,negative
0.48,0.51,0.57,0.24,0.5,0.0,0.5,0.22,negative
0.62,0.6,0.47,0.16,0.5,0.0,0.53,0.22,negative
0.49,0.44,0.45,0.22,0.5,0.0,0.51,0.22,negative
0.4,0.47,0.48,0.18,0.5,0.0,0.46,0.22,negative
0.34,0.54,0.54,0.13,0.5,0.0,0.52,0.22,negative
0.29,0.46,0.54,0.27,0.5,0.0,0.49,0.22,negative
0.46,0.55,0.61,0.13,0.5,0.0,0.47,0.22,negative
0.57,0.4,0.48,0.24,0.5,0.0,0.55,0.22,negative
0.58,0.38,0.4,0.21,0.5,0.0,0.5,0.22,negative
0.53,0.41,0.5,0.24,1.0,0.0,0.47,0.22,negative
0.43,0.4,0.5,0.18,0.5,0.0,0.5,0.28,negative
0.49,0.6,0.55,0.17,0.5,0.0,0.44,0.22,negative
0.37,0.41,0.45,0.14,0.5,0.0,0.47,0.22,negative
0.5,0.36,0.53,0.41,0.5,0.0,0.55,0.36,negative
0.59,0.58,0.39,0.52,0.5,0.0,0.5,0.31,negative
0.47,0.5,0.55,0.19,0.5,0.0,0.62,0.22,negative
0.35,0.5,0.44,0.27,0.5,0.0,0.51,0.22,negative
0.49,0.44,0.51,0.18,0.5,0.0,0.52,0.27,negative
0.29,0.34,0.55,0.24,0.5,0.0,0.51,0.22,negative
0.28,0.48,0.56,0.16,0.5,0.0,0.48,0.26,negative
0.45,0.46,0.61,0.2,0.5,0.0,0.62,0.22,negative
0.49,0.45,0.53,0.16,0.5,0.0,0.49,0.31,negative
0.51,0.46,0.57,0.25,0.5,0.0,0.53,0.22,negative
0.49,0.45,0.46,0.18,0.5,0.0,0.49,0.31,negative
0.52,0.46,0.51,0.18,0.5,0.0,0.5,0.22,negative
0.39,0.58,0.5,0.1,0.5,0.0,0.51,0.25,negative
0.57,0.49,0.5,0.2,0.5,0.0,0.51,0.28,negative
0.45,0.41,0.49,0.14,1.0,0.0,0.53,0.3,negative
0.48,0.42,0.48,0.19,0.5,0.0,0.58,0.22,negative
0.43,0.45,0.53,0.19,0.5,0.0,0.56,0.22,negative
0.28,0.36,0.55,0.15,0.5,0.0,0.57,0.22,negative
0.46,0.62,0.54,0.25,0.5,0.0,0.46,0.22,negative
0.53,0.59,0.48,0.14,0.5,0.0,0.51,0.22,negative
0.42,0.53,0.57,0.17,0.5,0.0,0.49,0.22,negative
0.52,0.46,0.56,0.2,0.5,0.0,0.5,0.22,negative
0.56,0.48,0.5,0.17,0.5,0.0,0.51,0.26,negative
0.77,0.57,0.45,0.17,0.5,0.0,0.53,0.22,negative
0.45,0.45,0.52,0.17,0.5,0.0,0.54,0.22,negative
0.28,0.51,0.55,0.19,0.5,0.0,0.57,0.22,negative
0.48,0.56,0.49,0.32,0.5,0.0,0.5,0.22,negative
0.59,0.46,0.48,0.46,0.5,0.0,0.49,0.22,negative
0.53,0.45,0.53,0.18,0.5,0.0,0.42,0.22,negative
0.45,0.27,0.5,0.33,0.5,0.0,0.53,0.26,negative
0.48,0.5,0.56,0.11,0.5,0.0,0.33,0.22,negative
0.46,0.43,0.5,0.24,0.5,0.0,0.48,0.31,negative
0.43,0.46,0.5,0.21,0.5,0.0,0.49,0.34,negative
0.61,0.55,0.51,0.26,0.5,0.0,0.52,0.22,negative
0.59,0.47,0.51,0.53,0.5,0.0,0.53,0.26,negative
0.4,0.6,0.5,0.16,0.5,0.0,0.51,0.22,negative
0.64,0.44,0.51,0.35,0.5,0.0,0.53,0.22,negative
0.45,0.52,0.5,0.12,0.5,0.0,0.6,0.22,negative
0.39,0.39,0.59,0.25,0.5,0.0,0.45,0.22,negative
0.54,0.55,0.56,0.14,0.5,0.0,0.5,0.25,negative
0.61,0.38,0.57,0.36,0.5,0.0,0.44,0.21,negative
0.61,0.38,0.57,0.36,0.5,0.0,0.44,0.21,negative
0.43,0.33,0.54,0.37,0.5,0.0,0.38,0.16,negative
0.51,0.39,0.58,0.19,0.5,0.0,0.47,0.22,negative
0.35,0.33,0.48,0.42,0.5,0.0,0.47,0.43,negative
0.46,0.35,0.69,0.18,0.5,0.0,0.3,0.25,negative
0.46,0.35,0.69,0.18,0.5,0.0,0.3,0.25,negative
0.57,0.43,0.52,0.3,0.5,0.0,0.37,0.11,negative
0.59,0.51,0.48,0.12,0.5,0.0,0.54,0.31,negative
0.59,0.51,0.48,0.12,0.5,0.0,0.54,0.31,negative
0.61,0.48,0.56,0.19,0.5,0.0,0.53,0.31,negative
0.44,0.56,0.52,0.18,0.5,0.0,0.5,0.11,negative
0.37,0.44,0.64,0.48,0.5,0.0,0.36,0.27,negative
0.72,0.37,0.63,0.38,0.5,0.0,0.4,0.14,negative
0.72,0.37,0.63,0.38,0.5,0.0,0.4,0.14,negative
0.44,0.36,0.64,0.45,0.5,0.0,0.53,0.11,negative
0.58,0.45,0.55,0.27,0.5,0.0,0.48,0.11,negative
0.63,0.64,0.45,0.26,0.5,0.0,0.43,0.22,negative
0.63,0.64,0.45,0.26,0.5,0.0,0.43,0.22,negative
0.43,0.33,0.67,0.12,0.5,0.0,0.43,0.23,negative
0.38,0.43,0.53,0.22,0.5,0.0,0.48,0.11,negative
0.4,0.45,0.61,0.29,0.5,0.0,0.44,0.22,negative
0.34,0.34,0.65,0.4,0.5,0.0,0.32,0.16,negative
0.43,0.22,0.79,0.79,0.5,0.0,0.22,0.0,negative
0.35,0.21,1.0,0.8,0.5,0.0,0.13,0.01,negative
0.56,0.35,0.47,0.41,0.5,0.0,0.5,0.22,negative
0.56,0.35,0.47,0.35,0.5,0.0,0.52,0.22,negative
0.54,0.44,0.55,0.48,0.5,0.0,0.47,0.22,negative
0.35,0.39,0.56,0.2,0.5,0.0,0.49,0.41,negative
0.48,0.46,0.58,0.16,0.5,0.0,0.45,0.22,negative
0.48,0.55,0.48,0.1,0.5,0.0,0.55,0.22,negative
0.73,0.6,0.47,0.2,0.5,0.0,0.72,0.22,negative
0.46,0.33,0.45,0.22,0.5,0.0,0.41,0.37,negative
0.52,0.43,0.61,0.22,0.5,0.0,0.45,0.22,negative
0.32,0.44,0.54,0.21,0.5,0.0,0.4,0.19,negative
0.32,0.44,0.54,0.21,0.5,0.0,0.4,0.19,negative
0.48,0.41,0.52,0.33,0.5,0.0,0.51,0.26,negative
0.46,0.39,0.54,0.22,0.5,0.0,0.48,0.25,negative
0.46,0.39,0.54,0.22,0.5,0.0,0.48,0.25,negative
0.42,0.5,0.64,0.13,0.5,0.0,0.49,0.22,negative
0.46,0.54,0.59,0.41,0.5,0.0,0.53,0.21,negative
0.46,0.54,0.59,0.41,0.5,0.0,0.53,0.21,negative
0.38,0.5,0.52,0.44,0.5,0.0,0.54,0.11,negative
0.38,0.5,0.52,0.44,0.5,0.0,0.54,0.11,negative
0.51,0.52,0.58,0.17,0.5,0.0,0.47,0.28,negative
0.5,0.5,0.62,0.23,0.5,0.0,0.35,0.11,negative
0.53,0.57,0.6,0.36,0.5,0.0,0.5,0.22,negative
0.53,0.57,0.6,0.36,0.5,0.0,0.5,0.22,negative
0.37,0.3,0.62,0.43,0.5,0.0,0.44,0.39,negative
0.37,0.3,0.62,0.43,0.5,0.0,0.44,0.39,negative
0.49,0.4,0.58,0.23,0.5,0.0,0.47,0.27,negative
0.37,0.37,0.51,0.38,0.5,0.0,0.44,0.22,negative
0.51,0.4,0.5,0.28,0.5,0.0,0.48,0.27,negative
0.34,0.25,0.55,0.28,0.5,0.0,0.51,0.49,negative
0.5,0.48,0.48,0.23,0.5,0.0,0.53,0.68,negative
0.56,0.42,0.52,0.14,0.5,0.0,0.51,0.22,negative
0.46,0.42,0.51,0.16,0.5,0.0,0.56,0.22,negative
0.6,0.51,0.49,0.18,0.5,0.0,0.53,0.38,negative
0.49,0.38,0.56,0.09,0.5,0.0,0.46,0.22,negative
0.55,0.55,0.52,0.13,0.5,0.0,0.53,0.25,negative
0.58,0.56,0.46,0.14,0.5,0.0,0.51,0.22,negative
0.44,0.71,0.5,0.21,0.5,0.0,0.54,0.27,negative
0.41,0.49,0.47,0.09,0.5,0.0,0.49,0.22,negative
0.44,0.51,0.53,0.3,0.5,0.0,0.53,0.22,negative
0.54,0.51,0.56,0.15,0.5,0.0,0.54,0.31,negative
0.46,0.38,0.51,0.2,0.5,0.0,0.51,0.22,negative
0.41,0.4,0.56,0.17,0.5,0.0,0.56,0.22,negative
0.59,0.55,0.57,0.18,0.5,0.0,0.51,0.22,negative
0.48,0.51,0.5,0.24,0.5,0.0,0.54,0.38,negative
0.39,0.3,0.63,0.2,0.5,0.0,0.43,0.47,negative
0.53,0.49,0.47,0.21,0.5,0.0,0.53,0.22,negative
0.42,0.43,0.67,0.7,0.5,0.0,0.42,0.25,negative
0.56,0.55,0.57,0.15,0.5,0.0,0.54,0.25,negative
0.37,0.55,0.52,0.13,0.5,0.0,0.42,0.8,negative
0.43,0.47,0.47,0.18,0.5,0.0,0.47,0.22,negative
0.52,0.47,0.58,0.18,0.5,0.0,0.34,0.11,negative
0.5,0.45,0.51,0.19,0.5,0.0,0.53,0.25,negative
0.61,0.5,0.61,0.21,0.5,0.0,0.55,0.54,negative
0.5,0.52,0.51,0.22,0.5,0.0,0.46,0.37,negative
0.56,0.52,0.46,0.17,0.5,0.0,0.49,0.73,negative
0.52,0.56,0.55,0.16,0.5,0.0,0.53,0.39,negative
0.53,0.48,0.51,0.18,0.5,0.0,0.52,0.27,negative
0.51,0.48,0.51,0.26,0.5,0.0,0.51,0.27,negative
0.53,0.48,0.51,0.18,0.5,0.0,0.51,0.27,negative
0.36,0.37,0.63,0.25,0.5,0.0,0.3,0.22,negative
0.3,0.45,0.55,0.19,0.5,0.0,0.53,0.4,negative
0.44,0.4,0.53,0.19,0.5,0.0,0.48,0.27,negative
0.39,0.39,0.65,0.16,0.5,0.0,0.45,0.22,negative
0.51,0.59,0.55,0.21,0.5,0.0,0.52,0.22,negative
0.41,0.49,0.55,0.13,0.5,0.0,0.55,0.22,negative
0.23,0.29,0.46,0.0,0.5,0.0,0.43,0.31,negative
0.38,0.34,0.55,0.44,0.5,0.0,0.48,0.26,negative
0.48,0.44,0.46,0.37,0.5,0.0,0.46,0.36,negative
0.62,0.42,0.47,0.16,0.5,0.0,0.52,0.22,negative
0.5,0.45,0.52,0.18,0.5,0.0,0.52,0.22,negative
0.59,0.51,0.47,0.21,0.5,0.0,0.47,0.22,negative
0.49,0.48,0.52,0.24,0.5,0.0,0.5,0.22,negative
0.59,0.48,0.49,0.42,0.5,0.0,0.52,0.22,negative
0.57,0.35,0.5,0.43,0.5,0.0,0.53,0.22,negative
0.61,0.52,0.5,0.44,0.5,0.0,0.53,0.22,negative
0.63,0.43,0.48,0.11,0.5,0.0,0.51,0.22,negative
0.63,0.43,0.48,0.11,0.5,0.0,0.51,0.22,negative
0.52,0.45,0.53,0.34,0.5,0.0,0.52,0.44,negative
0.54,0.48,0.55,0.33,0.5,0.0,0.55,0.4,negative
0.42,0.5,0.59,0.17,0.5,0.0,0.51,0.22,negative
0.54,0.55,0.55,0.4,0.5,0.0,0.53,0.22,negative
0.31,0.31,0.57,0.15,0.5,0.0,0.5,0.22,negative
0.38,0.42,0.5,0.19,0.5,0.0,0.44,0.22,negative
0.33,0.36,0.62,0.26,0.5,0.0,0.55,0.22,negative
0.38,0.42,0.5,0.19,0.5,0.0,0.44,0.22,negative
0.32,0.32,0.52,0.18,0.5,0.0,0.48,0.34,negative
0.28,0.27,0.5,0.14,0.5,0.0,0.5,0.28,negative
0.41,0.46,0.57,0.25,0.5,0.0,0.57,0.38,negative
0.44,0.54,0.51,0.16,0.5,0.0,0.58,0.22,negative
0.44,0.55,0.51,0.16,0.5,0.0,0.6,0.22,negative
0.4,0.56,0.53,0.15,0.5,0.0,0.49,0.22,negative
0.58,0.55,0.51,0.13,0.5,0.0,0.52,0.22,negative
0.55,0.69,0.51,0.12,0.5,0.0,0.51,0.22,negative
0.44,0.49,0.49,0.27,0.5,0.0,0.52,0.22,negative
0.49,0.46,0.54,0.18,0.5,0.0,0.35,0.22,negative
0.42,0.37,0.54,0.17,0.5,0.0,0.51,0.22,negative
0.42,0.45,0.75,0.21,0.5,0.0,0.48,0.22,negative
0.39,0.45,0.75,0.17,0.5,0.0,0.51,0.22,negative
0.63,0.54,0.53,0.27,0.5,0.0,0.49,0.22,negative
0.4,0.44,0.5,0.13,0.5,0.0,0.52,0.39,negative
0.57,0.36,0.51,0.25,0.5,0.0,0.54,0.25,negative
0.45,0.76,0.51,0.25,0.5,0.0,0.59,0.22,negative
0.59,0.64,0.44,0.26,0.5,0.0,0.5,0.22,negative
0.79,0.56,0.53,0.19,0.5,0.0,0.47,0.35,negative
0.52,0.5,0.6,0.2,0.5,0.0,0.52,0.22,negative
0.59,0.46,0.57,0.17,0.5,0.0,0.52,0.22,negative
0.53,0.42,0.53,0.19,0.5,0.0,0.47,0.22,negative
0.59,0.46,0.55,0.17,0.5,0.0,0.52,0.25,negative
0.47,0.46,0.49,0.27,0.5,0.0,0.59,0.22,negative
0.5,0.46,0.49,0.27,0.5,0.0,0.6,0.22,negative
0.46,0.47,0.62,0.3,0.5,0.0,0.38,0.22,negative
0.59,0.7,0.46,0.19,0.5,0.0,0.54,0.44,negative
0.27,0.43,0.5,0.13,0.5,0.0,0.54,0.31,negative
0.42,0.46,0.44,0.17,0.5,0.0,0.51,0.42,negative
0.48,0.39,0.56,0.23,0.5,0.0,0.6,0.22,negative
0.47,0.59,0.56,0.09,0.5,0.0,0.5,0.22,negative
0.4,0.28,0.58,0.44,0.5,0.0,0.41,0.22,negative
0.54,0.35,0.55,0.19,0.5,0.0,0.3,0.22,negative
0.51,0.49,0.48,0.55,0.5,0.0,0.52,0.58,negative
0.5,0.55,0.52,0.16,0.5,0.0,0.51,0.31,negative
0.65,0.63,0.47,0.22,0.5,0.0,0.52,0.27,negative
0.41,0.48,0.51,0.2,0.5,0.0,0.51,0.22,negative
0.25,0.4,0.54,0.16,0.5,0.0,0.43,0.22,negative
0.46,0.52,0.51,0.13,0.5,0.0,0.47,0.22,negative
0.5,0.4,0.57,0.17,0.5,0.0,0.59,0.22,negative
0.53,0.52,0.49,0.27,0.5,0.0,0.51,0.22,negative
0.5,0.47,0.56,0.31,0.5,0.0,0.56,0.26,negative
0.24,0.25,0.57,0.28,0.5,0.0,0.51,0.11,negative
0.59,0.48,0.49,0.49,0.5,0.0,0.36,0.32,negative
0.64,0.44,0.56,0.15,0.5,0.0,0.56,0.22,negative
0.48,0.58,0.47,0.17,0.5,0.0,0.53,0.74,negative
0.47,0.5,0.6,0.63,0.5,0.0,0.38,0.16,negative
0.47,0.38,0.58,0.19,0.5,0.0,0.57,0.22,negative
0.41,0.45,0.46,0.23,0.5,0.0,0.5,0.7,negative
0.6,0.61,0.54,0.11,0.5,0.0,0.46,0.22,negative
0.48,0.61,0.57,0.17,0.5,0.0,0.45,0.22,negative
0.71,0.5,0.5,0.18,0.5,0.0,0.46,0.22,negative
0.61,0.48,0.54,0.25,0.5,0.0,0.5,0.22,negative
0.38,0.32,0.64,0.41,0.5,0.0,0.44,0.11,negative
0.38,0.4,0.66,0.35,0.5,0.0,0.43,0.11,negative
0.65,0.54,0.54,0.13,0.5,0.0,0.53,0.22,negative
0.48,0.42,0.52,0.24,0.5,0.0,0.56,0.22,negative
0.36,0.46,0.62,0.46,0.5,0.0,0.51,0.33,negative
0.42,0.35,0.54,0.18,0.5,0.0,0.56,0.22,negative
0.27,0.6,0.48,0.23,0.5,0.0,0.55,0.22,negative
0.48,0.61,0.44,0.2,0.5,0.0,0.47,0.22,negative
0.8,0.46,0.5,0.15,0.5,0.0,0.53,0.22,negative
0.39,0.45,0.53,0.18,0.5,0.0,0.54,0.22,negative
0.48,0.35,0.42,0.21,0.5,0.0,0.57,0.22,negative
0.41,0.52,0.41,0.11,0.5,0.0,0.54,0.35,negative
0.44,0.34,0.55,0.18,0.5,0.0,0.52,0.22,negative
0.31,0.45,0.5,0.17,0.5,0.0,0.49,0.22,negative
0.38,0.49,0.61,0.13,0.5,0.0,0.54,0.22,negative
0.56,0.44,0.56,0.19,0.5,0.0,0.54,0.22,negative
0.66,0.62,0.52,0.17,0.5,0.0,0.49,0.22,negative
0.52,0.48,0.58,0.55,0.5,0.0,0.48,0.22,negative
0.5,0.34,0.62,0.19,0.5,0.0,0.57,0.22,negative
0.55,0.51,0.54,0.2,0.5,0.0,0.56,0.22,negative
0.51,0.48,0.46,0.29,0.5,0.0,0.54,0.22,negative
0.53,0.43,0.57,0.24,0.5,0.0,0.39,0.28,negative
0.48,0.48,0.56,0.18,0.5,0.0,0.58,0.22,negative
0.61,0.46,0.54,0.11,0.5,0.0,0.47,0.22,negative
0.66,0.55,0.54,0.18,0.5,0.0,0.43,0.22,negative
0.6,0.48,0.46,0.32,0.5,0.0,0.4,0.33,negative
0.45,0.5,0.57,0.29,0.5,0.0,0.44,0.11,negative
0.61,0.53,0.59,0.17,0.5,0.0,0.44,0.28,negative
0.34,0.34,0.65,0.4,0.5,0.0,0.32,0.16,negative
0.66,0.6,0.52,0.19,0.5,0.0,0.69,0.22,negative
0.39,0.65,0.57,0.19,0.5,0.0,0.43,0.25,negative
0.57,0.48,0.54,0.22,0.5,0.0,0.5,0.11,negative
0.41,0.49,0.65,0.28,0.5,0.0,0.59,0.57,negative
0.3,0.33,0.55,0.12,0.5,0.0,0.53,0.38,negative
0.64,0.31,0.53,0.15,0.5,0.0,0.53,0.31,negative
0.45,0.45,0.51,0.3,0.5,0.0,0.48,0.44,negative
0.25,0.48,0.45,0.32,0.5,0.0,0.4,0.22,negative
0.54,0.43,0.48,0.27,0.5,0.0,0.44,0.41,negative
0.66,0.54,0.53,0.17,0.5,0.0,0.54,0.22,negative
0.56,0.46,0.51,0.25,0.5,0.0,0.54,0.22,negative
0.86,0.68,0.39,0.24,0.5,0.0,0.54,0.22,positive
0.74,0.75,0.58,0.47,0.5,0.0,0.4,0.35,positive
0.69,0.61,0.38,0.27,0.5,0.0,0.52,0.22,positive
0.54,0.42,0.41,0.16,0.5,0.0,0.52,0.22,positive
0.83,0.58,0.33,0.04,0.5,0.0,0.53,0.22,positive
0.71,0.56,0.39,0.27,0.5,0.0,0.52,0.22,positive
0.57,0.59,0.44,0.16,0.5,0.0,0.52,0.22,positive
0.92,0.61,0.4,0.22,0.5,0.0,0.54,0.22,positive
0.34,0.38,0.45,0.19,0.5,0.0,0.51,0.22,positive
0.73,0.55,0.41,0.16,0.5,0.0,0.46,0.22,positive
0.91,0.69,0.57,0.45,0.5,0.0,0.56,0.22,positive
0.69,0.48,0.38,0.15,0.5,0.0,0.55,0.22,positive
0.68,0.5,0.43,0.27,0.5,0.0,0.61,0.22,positive
0.81,0.76,0.32,0.37,0.5,0.0,0.51,0.22,positive
0.77,0.6,0.42,0.33,0.5,0.0,0.57,0.22,positive
0.76,0.74,0.56,0.34,0.5,0.0,0.51,0.3,positive
0.58,0.76,0.4,0.37,0.5,0.0,0.54,0.3,positive
0.94,0.6,0.33,0.49,0.5,0.0,0.54,0.22,positive
0.66,0.66,0.32,0.54,0.5,0.0,0.51,0.22,positive
0.78,0.63,0.53,0.13,0.5,0.0,0.54,0.22,positive
0.43,0.38,0.38,0.12,0.5,0.0,0.5,0.22,positive
0.76,0.67,0.37,0.22,0.5,0.0,0.54,0.22,positive
0.97,0.71,0.29,0.42,0.5,0.0,0.35,0.22,positive
0.81,0.55,0.35,0.34,0.5,0.0,0.51,0.22,positive
0.55,0.52,0.44,0.2,0.5,0.0,0.56,0.22,positive
0.46,0.47,0.44,0.18,1.0,0.0,0.46,0.22,positive
0.56,0.49,0.32,0.22,0.5,0.0,0.5,0.22,positive
0.39,0.71,0.38,0.14,0.5,0.0,0.5,0.22,positive
0.37,0.42,0.46,0.15,0.5,0.0,0.51,0.31,positive
0.7,0.57,0.34,0.19,0.5,0.0,0.53,0.27,positive
0.8,0.69,0.53,0.33,0.5,0.0,0.51,0.22,positive
0.79,0.62,0.35,0.35,0.5,0.0,0.6,0.28,positive
0.88,0.75,0.41,0.36,0.5,0.0,0.43,0.22,positive
0.69,0.57,0.39,0.19,0.5,0.0,0.48,0.39,positive
0.86,0.78,0.34,0.15,0.5,0.0,0.53,0.22,positive
0.81,0.62,0.43,0.17,0.5,0.0,0.53,0.22,positive
0.81,0.9,0.39,0.41,0.5,0.0,0.53,0.22,positive
0.83,0.53,0.52,0.2,0.5,0.0,0.48,0.25,positive
0.78,0.48,0.47,0.3,0.5,0.0,0.53,0.47,positive
0.72,0.56,0.4,0.26,0.5,0.0,0.51,0.26,positive
0.67,0.57,0.36,0.19,0.5,0.0,0.56,0.22,positive
0.8546365443565395,0.5746305129531453,0.3372733618015866,0.40666153988866816,0.5,0.0,0.533996689288427,0.22,positive
0.7798595263302986,0.6001844426264481,0.3501463424394141,0.33365449751089266,0.5,0.0,0.5701706833712835,0.27256313743026994,positive
0.5246338394157593,0.43362422004748596,0.45185681209127565,0.1616566840444971,0.5,0.0,0.5175982609288701,0.22731613460884403,positive
0.3229229207182693,0.38,0.47113998820542646,0.19013558164765137,0.5,0.0,0.519329619712276,0.2380864205919256,positive
0.45756041136658215,0.47,0.45075591336479154,0.18,0.5413952643016405,0.0,0.4604135664982294,0.22,positive
0.7893572704374446,0.5560169648392709,0.3700726480575056,0.3189766183859026,0.5,0.0,0.5138804257901012,0.22,positive
0.7438758177038055,0.5647763386122632,0.4317100756593544,0.16968092411888971,0.5,0.0,0.49535609689747684,0.22,positive
0.7923650108130169,0.75,0.4800034090672916,0.4106890816257246,0.5,0.0,0.4277348580461844,0.30311449409971597,positive
0.7786898869669575,0.6948870131701601,0.5530867558425534,0.3384171062639099,0.5,0.0,0.51,0.23616443459997902,positive
0.81,0.8433534779528361,0.38593968245837357,0.38501089488786344,0.5,0.0,0.5171174564645082,0.22,positive
0.7136295021538338,0.56,0.39676952308733626,0.26930694232516683,0.5,0.0,0.5190949345087347,0.22765628761808893,positive
0.8238961058767,0.6768128965950914,0.4054441497508422,0.1973793343309495,0.5,0.0,0.5385131428260327,0.22,positive
0.8743103133090205,0.7094558885289094,0.3978670070856904,0.316889021235257,0.5,0.0,0.4700899724801528,0.22,positive
0.7995860784863588,0.5421806073666349,0.47853974199444943,0.18865129947550244,0.5,0.0,0.5196545633293816,0.22753281043692183,positive
0.8541666552494885,0.8607083190887501,0.34405561747045177,0.19301946894605757,0.5,0.0,0.53,0.22,positive
0.5831448723069845,0.7258362484202678,0.41382874219778654,0.2653615693181556,0.5,0.0,0.5031392797497121,0.2809827920140413,positive
0.556100407671576,0.424444302475059,0.33903611279410706,0.16686419470025318,0.5,0.0,0.5068813722995569,0.22,positive
0.7763603373438135,0.6277923218319056,0.42843001674041387,0.173059213994106,0.5,0.0,0.5314261837026842,0.22,positive
0.7117711891324913,0.5666743512854991,0.39847741718037344,0.26193883933948386,0.5,0.0,0.5154156305775633,0.2385063588942003,positive
0.5486720760950733,0.5211215031322961,0.46359859678482407,0.1927569018564969,0.5,0.0,0.56,0.22,positive
0.4247052628280853,0.38867104913018996,0.382406665012778,0.12790325723977394,0.5,0.0,0.5,0.2682943816191841,positive
0.6875716020593566,0.49514344024836715,0.3830161014935708,0.2086915295728834,0.5,0.0,0.5855332105001467,0.22,positive
0.6738588345924109,0.57,0.34885009828775143,0.19,0.5,0.0,0.5342680047155199,0.2699053895312781,positive
0.7034644961690695,0.5670197946909213,0.39589986993577525,0.20326808549037134,0.5,0.0,0.48510751555635107,0.29665077877156526,positive
0.7939781117277281,0.625964205177784,0.4330414325721139,0.1683317904040387,0.5,0.0,0.5399064766130118,0.22,positive
0.7246989707742395,0.5778121212121549,0.33942856062675986,0.1083654537309943,0.5,0.0,0.53,0.23257639047678164,positive
0.8059331174622781,0.5554860146648269,0.35,0.346250636822707,0.5,0.0,0.5117055421144028,0.2659605214075606,positive
0.4252624909323661,0.6258620713741311,0.39778276831617576,0.17784479366910388,0.5,0.0,0.48286991258928674,0.22,positive
0.8113834129794437,0.7064033611135182,0.4138482356395434,0.15317795842920878,0.5,0.0,0.53,0.22,positive
0.723349766047594,0.5124849572985309,0.47755257196189255,0.2354787208047771,0.5,0.0,0.5386046344592449,0.4420949342892517,positive
0.5323910356542353,0.59,0.4710674655291641,0.15104260452777385,0.5,0.0,0.51470916176203,0.22,positive
0.7996739475451414,0.6458304658005801,0.53,0.24805134456508243,0.5,0.0,0.52125235477043,0.22,positive
0.6776115341661387,0.5702248711165789,0.3628382719058813,0.19783196348362458,0.5,0.0,0.5411511669353475,0.22,positive
0.8619749282519227,0.6828360354205848,0.4458149083667934,0.3868182434630389,0.5,0.0,0.5562697766010952,0.22,positive
0.7226330323477558,0.5567132988677951,0.406830476504472,0.24615705281640884,0.5,0.0,0.4608462248004321,0.23047701332305695,positive
0.9195418197903746,0.5598978599384863,0.3842552099091319,0.290113791131792,0.5,0.0,0.5322300877719512,0.22,positive
0.6905966851431475,0.5254374506893345,0.3632651391609546,0.16305184116170912,0.5,0.0,0.5304189794629202,0.25879160580479255,positive
0.38660728461229427,0.4117306011307969,0.460340704665055,0.13134699118509174,0.5,0.0,0.5027755374193534,0.2935507371381227,positive
0.9692329017748296,0.7462896033174128,0.33076389723743993,0.3626435738919484,0.5,0.0,0.4128213194749039,0.22,positive
0.6728591774752783,0.6318059377465848,0.3780854781348426,0.35431724538555776,0.5,0.0,0.5194799062173304,0.22,positive
0.787378675138785,0.5904235884478878,0.4394378032202793,0.17,0.5,0.0,0.53,0.22,positive
0.9281472299713712,0.6020541362201738,0.38886409517574066,0.35111776596590594,0.5,0.0,0.54,0.22,positive
0.7801280485629278,0.6025446341278113,0.39739193177744236,0.34231286349883494,0.5,0.0,0.5975721205668602,0.24295364831641234,positive
0.5696054566418559,0.40207065507499096,0.4024703404447002,0.16102161981822327,0.5,0.0,0.5085586538828387,0.22,positive
0.37208060829393663,0.3854413622695995,0.4501366334293093,0.15510903707704227,0.5,0.0,0.5046044154299308,0.25551354159757167,positive
0.45596425100939486,0.47,0.4406748138784987,0.18,0.8731567958019322,0.0,0.4648703427260206,0.22,positive
0.7814040348138022,0.5562520008478415,0.3797323031698185,0.3150148017065594,0.5,0.0,0.51,0.24180455036792595,positive
0.7260505261166434,0.5476638133694436,0.4349037028657409,0.16633570401707964,0.5,0.0,0.46,0.22,positive
0.7413869261627288,0.6978200176789174,0.57265142385642,0.3871695672466088,0.5,0.0,0.5027224856574845,0.2567642262512411,positive
0.6953783627600836,0.6801068851200849,0.5283204250593666,0.3334063312181307,0.5,0.0,0.5322263683354191,0.22357620136673712,positive
0.81,0.8792943839025413,0.3548818887153405,0.3750606782524665,0.5,0.0,0.5225827038010868,0.22,positive
0.7001378843379773,0.5638228577841602,0.3875303055380662,0.2589686647152918,0.5,0.0,0.5207122791744524,0.23514842461591345,positive
0.8572756541079558,0.641962507567035,0.42712362187247965,0.19547134951878317,0.5,0.0,0.5388238900489621,0.22,positive
0.8635391805318475,0.742063699371971,0.39403633178606495,0.26830365416033175,0.5,0.0,0.4374014729989875,0.22,positive
0.8172779341602396,0.5343291906508316,0.5284795748059795,0.19872096268408546,0.5,0.0,0.47427653253410507,0.325722686531949,positive
0.8598009760348201,0.8162633155394763,0.40163011574595897,0.4017514444206934,0.5,0.0,0.5224375411571015,0.22,positive
0.5848203895544459,0.757739699880771,0.43721242504171337,0.3352829043029454,0.5,0.0,0.46879293151067736,0.3086190538456012,positive
0.5589101700957962,0.49737906485586697,0.3402512909032114,0.20340926921085933,0.5,0.0,0.5125201850713642,0.22,positive
0.7663883088394614,0.6633622203656138,0.41679460236443,0.265580510089846,0.5,0.0,0.5422499656997442,0.22,positive
0.7190312869679005,0.5740861394295377,0.3999259552319926,0.26429961004672164,0.5,0.0,0.5138751886407263,0.23697286130933032,positive
0.55,0.5577182592016746,0.4433634318261278,0.19117760608778334,0.5,0.0,0.5597487724193879,0.22,positive
0.487438059114993,0.39351348707852807,0.39834115037459733,0.12075593438325093,0.5,0.0,0.512812883715742,0.22,positive
0.5915653880294743,0.5031033162895556,0.4377126782605291,0.22082429788411195,0.5,0.0,0.5610518556246806,0.22,positive
0.7088612277341129,0.5689205522582882,0.3420395606991443,0.2148057810670351,0.5,0.0,0.5252582917381615,0.24127687633241543,positive
0.7134407498737775,0.568816008804882,0.39838465565490133,0.23114529338311504,0.5,0.0,0.48579010611789336,0.3066136759434912,positive
0.7532488059821861,0.6202842868605714,0.5251362717872318,0.14555551298886105,0.5,0.0,0.5274983962524092,0.22,positive
0.8103701503458165,0.6012699696011848,0.3564859561124905,0.09645425344921384,0.5,0.0,0.53,0.22,positive
0.7713691415866802,0.6427108433572182,0.36765286948184234,0.3194316355101146,0.5,0.0,0.5537098460063201,0.2414915672222992,positive
0.44573521531433546,0.6955798396755583,0.40078616748513546,0.15878865121381802,0.5,0.0,0.47856528034608803,0.22,positive
0.8151697592551914,0.7639524264637018,0.32512423580090066,0.2808626516316152,0.5,0.0,0.5267661531673496,0.22,positive
0.6907099322087507,0.4822219801847729,0.40404454448272964,0.2991647346241202,0.5,0.0,0.5083291585880884,0.43813581842469945,positive
0.5970116532341577,0.5933301921961633,0.4409769073821611,0.16,0.5,0.0,0.5232691663061845,0.22,positive
0.8106084365867222,0.69,0.5348620340062793,0.42863471882191484,0.5,0.0,0.5370738882465071,0.22,positive
0.6786787651948538,0.57,0.35695175970015075,0.19,0.5,0.0,0.5462295113523125,0.2523156227180346,positive
0.829494338754781,0.7107422978613414,0.5614237480737859,0.3873881490538532,0.5,0.0,0.5342300232111322,0.22085420513512502,positive
0.719175813218027,0.6050736802079378,0.3980040290880967,0.2619207440795212,0.5,0.0,0.5107989847592282,0.2423786872177866,positive
0.851679595956657,0.5872194515560348,0.4272437555175407,0.1882939269504896,0.5,0.0,0.5311688851263431,0.22,positive
0.6736772019998472,0.511923347928746,0.40458977636170673,0.14271233206925327,0.5,0.0,0.5307026766626074,0.22,positive
0.38804421939386835,0.3992710722387776,0.466865221309178,0.14687818263910526,0.5,0.0,0.5081271617989507,0.29490177066133144,positive
0.9570187797219433,0.7366966633442913,0.3872448460974739,0.3847921856461946,0.5,0.0,0.3691896485308011,0.22,positive
0.6145244423182249,0.6906344995242215,0.34449670235707464,0.5021440671276017,0.5,0.0,0.5372867819346067,0.2881695519541691,positive
0.7943884928680321,0.6287250264352623,0.5087199450435788,0.16349663155436386,0.5,0.0,0.5398765305056092,0.22,positive
0.9214591150655573,0.5874575465305394,0.33080490988699796,0.34420085501537395,0.5,0.0,0.5130154890462252,0.22,positive
0.7454628760376194,0.5930731242958469,0.41897306505800613,0.2750658272146694,0.5,0.0,0.5387184561232726,0.22,positive
0.5717049974619728,0.42,0.46546088380919115,0.16,0.5,0.0,0.52,0.22,positive
0.3218846762619085,0.43855185547182013,0.47030385377750716,0.18557529041301798,0.5,0.0,0.49240902960753286,0.22,positive
0.3528302420778757,0.4627836808996787,0.4878071037521255,0.1704542651634191,1.0,0.0,0.516613813634716,0.31949749740783295,positive
0.7696134146126055,0.5942558252312893,0.3791284364016454,0.28624419633682047,0.5,0.0,0.5110274428619406,0.22,positive
0.7281012049373926,0.5483119021955098,0.42780776964246786,0.17634479107378484,0.5,0.0,0.46,0.22,positive
0.7456147276128031,0.75,0.5116131417278769,0.3815747086085749,0.5,0.0,0.4103983547731431,0.3266837556037526,positive
0.7531084998015019,0.7407012925232428,0.5657675711809574,0.4014734275468955,0.5,0.0,0.41502237767486716,0.34415491941184156,positive
0.8112223836950054,0.7569801388501967,0.38833441436638894,0.3676774819056592,0.5,0.0,0.4510215484992085,0.22,positive
0.6990599154579338,0.5677573294292324,0.3846947421372003,0.27,0.5,0.0,0.52,0.22,positive
0.773084112552181,0.6758820865857663,0.38578890129332727,0.22751779100843963,0.5,0.0,0.54,0.22,positive
0.8633544163666118,0.7283030781207721,0.46567953080378566,0.3598350556119961,0.5,0.0,0.45477953017717165,0.22,positive
0.8220245630220714,0.4799342816189136,0.5033104733102364,0.17554740833532093,0.5,0.0,0.48766360206882364,0.22566133290315987,positive
0.8425251753423043,0.8404865936861186,0.37700402204076555,0.28498936377064127,0.5,0.0,0.53,0.22,positive
0.584278970500419,0.7106745357377099,0.41058342108393436,0.3026598483617603,0.5,0.0,0.54,0.32256766403628684,positive
0.5733585718064904,0.4816315559107207,0.4094806821113869,0.22,0.5,0.0,0.5050956789754428,0.24087684961367123,positive
0.7954168739609547,0.6211698534942397,0.39885252926691733,0.17313467612971728,0.5,0.0,0.53530283863255,0.22,positive
0.6996923198089268,0.5844971590589025,0.3509264510109018,0.2168627860137325,0.5,0.0,0.5218348581569392,0.24425218971369478,positive
0.5398389006918696,0.5176094855508327,0.4670148290728527,0.20258507381989374,0.5,0.0,0.5531070434317874,0.22,positive
0.42349263546472193,0.40898485908420645,0.4480140599227584,0.12907632032483735,0.5,0.0,0.4776748349334763,0.22,positive
0.6109777427847304,0.5001595466271096,0.43428399374656806,0.2127052479231541,0.5,0.0,0.6032359058787539,0.22,positive
0.6937225985270027,0.6025672667705548,0.35261937616389316,0.2383794586896793,0.5,0.0,0.5292033003808277,0.2559443987705239,positive
0.6007337309338268,0.5160056913693862,0.4047647081883481,0.18065415546209368,0.5,0.0,0.4855968693987475,0.38143417573444616,positive
0.7759589846108111,0.6130065141872793,0.506547227552778,0.15563089085175225,0.5,0.0,0.5362553581808652,0.22,positive
0.7947995928058396,0.5744165824951973,0.38351674994854745,0.061814680991096396,0.5,0.0,0.53,0.22,positive
0.778810058774644,0.6006904200175786,0.41075276870550165,0.34482030387015594,0.5,0.0,0.5930137392070668,0.27971814332070255,positive
0.3537895676529766,0.6904461286986332,0.4046261358376928,0.1627977471684942,0.5,0.0,0.5302039107020445,0.23111244860017266,positive
0.86,0.6954432529959735,0.38692670481843083,0.17262145219518454,0.5,0.0,0.5381302061542176,0.22,positive
0.7293305860546411,0.4804006583991263,0.4791466859449817,0.2293370576469982,0.5,0.0,0.5302113272319436,0.4241198058712537,positive
0.562249247243799,0.5787523645601002,0.4410513752943477,0.15496170017991923,0.5,0.0,0.5396075762371729,0.22,positive
0.7881990171893961,0.6460516157879016,0.53,0.13879892984168013,0.5,0.0,0.5290845336813087,0.22,positive
0.6701798618332321,0.4881472096492176,0.3696864447086786,0.15693543915746933,0.5,0.0,0.5599507215800262,0.22,positive
0.8785968074925724,0.6886312450576815,0.5407475920741855,0.35777269464556904,0.5,0.0,0.5542966330100606,0.22,positive
0.7136396286899551,0.56,0.39717020540510584,0.2639001400925065,0.5,0.0,0.5174369649110628,0.255289397230955,positive
0.8388612500919338,0.614897547479492,0.4179617384996787,0.20529821721847688,0.5,0.0,0.5313787539763497,0.22,positive
0.6952590437640477,0.5689212155693152,0.3469506255945708,0.15185461129695824,0.5,0.0,0.5362295145418938,0.249885856733389,positive
0.4288636113154877,0.4179852677995446,0.4716631718663083,0.16878246587411155,0.5,0.0,0.5080872786941253,0.2845810993967539,positive
0.9654189833103649,0.6954668326061485,0.33834213381457034,0.33337337095517006,0.5,0.0,0.5330436205252331,0.22,positive
0.6893645971488349,0.6577146843306174,0.3471345382040783,0.4911753216703588,0.5,0.0,0.5198006153683035,0.22,positive
0.7873220472145335,0.6292145507865764,0.47263918589797627,0.13790215337373385,0.5,0.0,0.5309797827280262,0.22,positive
0.936621720815512,0.6056093339128394,0.3385394390909174,0.42244131283798736,0.5,0.0,0.5554528407819651,0.23247556944760286,positive
0.7296062551967407,0.6041434818205642,0.4020634792776916,0.3079394020880837,0.5,0.0,0.5401595915862272,0.22,positive
0.5132582085817254,0.433952021368738,0.475093568181862,0.1612264435879751,0.5,0.0,0.5183055678098746,0.25389705968663245,positive
0.36883856195841563,0.40936416500283435,0.45,0.18140352518960012,0.5,0.0,0.4751199845368061,0.22,positive
0.44090115533285623,0.47,0.4672431837966252,0.18,0.9641480103253387,0.0,0.4619481152145133,0.22,positive
0.7433462672492311,0.5912916735257846,0.3724011457537685,0.2752258087098215,0.5,0.0,0.5136653853610597,0.22,positive
0.7209412472218105,0.554302237303487,0.40080873689341046,0.22366584680379079,0.5,0.0,0.4935065999537929,0.2537298035067708,positive
0.876776972223358,0.75,0.5144310443823903,0.4085192125628568,0.5,0.0,0.4161400143456546,0.265867724660682,positive
0.7547786681697677,0.6092492137091626,0.545648597200678,0.3132369876338331,0.5,0.0,0.5376584721612416,0.2821344603847877,positive
0.8560689786078851,0.6924977593217333,0.37068484032648213,0.2523363318083073,0.5,0.0,0.5382164072655333,0.22,positive
0.7086173730726527,0.5688701901465105,0.38102435030894105,0.22935858959517552,0.5,0.0,0.5202799397096216,0.23481187982679452,positive
0.9086818000727449,0.6529284825109114,0.39896035054385,0.23503324368007056,0.5,0.0,0.54,0.22,positive
0.9544604794918804,0.7465749248684896,0.39276834875618194,0.36449300889228264,0.5,0.0,0.3994979164776027,0.22,positive
0.7742240183153183,0.5559861511238332,0.5135871438747914,0.17500636972304714,0.5,0.0,0.49357199230444493,0.23694863179643358,positive
0.81,0.7952222846624559,0.38209652361899177,0.393139742695019,0.5,0.0,0.516032216162099,0.22,positive
0.5641249813002036,0.6588830463150601,0.4607826818307898,0.3593339692547576,0.5,0.0,0.5233100596362182,0.25505476014149614,positive
0.5606860357307837,0.4728386569336023,0.3579406808515188,0.2127006412769195,0.5,0.0,0.5,0.22,positive
0.6914581602349049,0.6682098994829969,0.376432897071953,0.2541221468194305,0.5,0.0,0.5354492820180112,0.22,positive
0.6729392298357268,0.60627145746576,0.37937121405719276,0.25281898872932723,0.5,0.0,0.5294945367837869,0.22,positive
0.5393758846026244,0.50060227684065,0.4422476378334952,0.205235829218376,0.5,0.0,0.5584958351805154,0.22,positive
0.4252442337049887,0.381812004319133,0.397233480406154,0.1280062010048219,0.5,0.0,0.5,0.2667631284825983,positive
0.6868974353848912,0.4977845841161207,0.4019678870278945,0.18017983697621778,0.5,0.0,0.588889680470508,0.22,positive
0.6996508468353779,0.5869689547339221,0.34106333364590413,0.25927231930535954,0.5,0.0,0.5249553605637235,0.24494264957929335,positive
0.6694546476787107,0.5562409774098883,0.4643115851123497,0.1812338955658465,0.5,0.0,0.4966850142073665,0.40627280319857345,positive
0.7776010470261893,0.6104102046280452,0.4968033442177825,0.1579978298925525,0.5,0.0,0.5302879870192593,0.22,positive
0.8223527133592695,0.5852258880833735,0.4078723898898877,0.16420961805094192,0.5,0.0,0.53,0.22,positive
0.7791106394200673,0.6122649436821187,0.3695573180620496,0.3394709387541456,0.5,0.0,0.5826434427672791,0.26093175093632,positive
0.42156082420079205,0.71,0.4021544577889643,0.16797284584194297,0.5,0.0,0.5087382195196922,0.2522683196609121,positive
0.8516025162577959,0.7774489108763628,0.3519250263063952,0.18227218578214144,0.5,0.0,0.5315943359766718,0.22,positive
0.7767939113157626,0.49722011386361104,0.40979336277158374,0.2502432712974544,0.5,0.0,0.5242501770728214,0.41794005578186916,positive
0.5701869784585324,0.5768557925302372,0.4523864570614304,0.15349990382725048,0.5,0.0,0.5159731570571233,0.22,positive
0.7496835443724404,0.6329008529499934,0.5148522200557306,0.3236961126854465,0.5,0.0,0.5417557186707397,0.22,positive
0.6936935113832196,0.5689221450332081,0.3796911205431103,0.23955436033076621,0.5,0.0,0.5208117859819656,0.22,positive
0.8754986302374029,0.69,0.5696575339552136,0.4443077413733927,0.5,0.0,0.5510876672018024,0.22,positive
0.7027492786005017,0.5645709670172849,0.3708877704777588,0.21733390391317559,0.5,0.0,0.5197267394291658,0.260909400106122,positive
0.8282888018088648,0.5962980394920162,0.3826774603079783,0.2864045811536733,0.5,0.0,0.5301173824502847,0.22,positive
0.6993724202658518,0.5508767872831729,0.3532267188957032,0.1572637070895813,0.5,0.0,0.5471886958712252,0.25706723215599026,positive
0.37261063411284345,0.42529105974535664,0.47200276073861086,0.1362639793152818,0.5,0.0,0.5167332355722941,0.3882277130345819,positive
0.8721230536468781,0.7253424010337771,0.29768096932438687,0.39343152507002604,0.5,0.0,0.4320898805288962,0.22,positive
0.6089339034657025,0.6599281741240234,0.34759819689478794,0.5282227674734195,0.5,0.0,0.5045990731625962,0.30802692710188684,positive
0.824178519343027,0.6736650235360487,0.4130935778488432,0.18612947513541572,0.5,0.0,0.5366660878993025,0.22,positive
0.8306679841100348,0.6126500369749702,0.34784889598397994,0.4831644645195097,0.5,0.0,0.5874110022482442,0.25146868280769236,positive
0.7554318566952687,0.5607939387493952,0.4045417349847142,0.28136317149408,0.5,0.0,0.568021033433997,0.22,positive
0.6170192367823745,0.42,0.4187308409237681,0.16,0.5,0.0,0.52,0.22,positive
0.3341139169792844,0.38,0.4811916627486166,0.19134252895276643,0.5,0.0,0.5117279392296751,0.25350088981562097,positive
0.4683014008800587,0.45967566734812354,0.45186044646238616,0.2155412037361335,1.0,0.0,0.4688021784215518,0.22,positive
0.7212343456337331,0.5509741012326866,0.38059414179869033,0.30443018445079134,0.5,0.0,0.5128388924236525,0.22,positive
0.7517436868069264,0.5519899784547913,0.426515269958132,0.16472095187856825,0.5,0.0,0.5280149560507981,0.22,positive
0.7575257955345094,0.7419810081237788,0.5643626055254826,0.3700295800085292,0.5,0.0,0.4569758137740658,0.3418432157668133,positive
0.8481380641237397,0.700449319811544,0.5609021753589604,0.4495365129506354,0.5,0.0,0.5588625674389952,0.2229572664338979,positive
0.81,0.7603368737573366,0.36762565259037616,0.37077639485579983,0.5,0.0,0.5168059617327486,0.22,positive
0.7096927018575249,0.5685996873296011,0.34114752074411103,0.2091426562555865,0.5,0.0,0.5222320021052544,0.23519549120570288,positive
0.86,0.7490354924575293,0.3664674473355606,0.1987352320109177,0.5,0.0,0.5350629117851285,0.22,positive
0.867410952876147,0.7366255799916196,0.3998453007621519,0.2832861260322334,0.5,0.0,0.46681937981289046,0.22,positive
0.8116789131102445,0.549494661513374,0.5289420541288294,0.1986220965234579,0.5,0.0,0.47635243400019495,0.2765734025401787,positive
0.8418799037116216,0.8179701042241794,0.36676869916623767,0.2654896834067998,0.5,0.0,0.53,0.22,positive
0.5803397808731123,0.6570154648061342,0.4382915412261186,0.3086035553846289,0.5,0.0,0.46245570791041646,0.3009035768237151,positive
0.5752526624219864,0.4638838406247599,0.3229646186629414,0.21722138931394638,0.5,0.0,0.5,0.22,positive
0.8542496522927223,0.6750543909298449,0.37532041186256115,0.23062618472068597,0.5,0.0,0.54,0.22,positive
0.7142879373504575,0.6080334835943113,0.384408730002115,0.2658523881392439,0.5,0.0,0.5152213570919207,0.2403387719141772,positive
0.55,0.5205309372644068,0.4487942543715447,0.14633840613326676,0.5,0.0,0.5449173616443203,0.22,positive
0.4241533138136119,0.39188081969606375,0.43441474882547754,0.13120527308094637,0.5,0.0,0.48248797937410376,0.22,positive
0.6374797821157143,0.5043138317756919,0.4315927248175283,0.20423390063060842,0.5,0.0,0.565911784126802,0.22,positive
0.7009353291527477,0.5672218402190633,0.3438922849951531,0.22752007286911616,0.5,0.0,0.5145270161732648,0.26522642693591536,positive
0.7129884427970704,0.5611459946181027,0.3966162313253188,0.20504180050523801,0.5,0.0,0.501784475229259,0.34006340929382095,positive
0.763736879348653,0.6225293332205192,0.49945917197788064,0.12851443188632017,0.5,0.0,0.5239845872670614,0.22,positive
0.8221700841011984,0.6136468442065824,0.33418248970386855,0.0828950168708309,0.5,0.0,0.53,0.22,positive
0.7675313502196907,0.6252886387393999,0.36698732513979077,0.2279018888087552,0.5,0.0,0.5402047096297795,0.23764887830281295,positive
0.4182534809703986,0.71,0.45148716378537823,0.17845243641645941,0.5,0.0,0.5156146219637089,0.24494873122837688,positive
0.8008132663192055,0.7089647122763613,0.35021133158132434,0.18994250501091858,0.5,0.0,0.5324951660568241,0.22,positive
0.720095687666193,0.5010598863989185,0.4801989930986097,0.19395668081967277,0.5,0.0,0.5347285896456664,0.45182243602878047,positive
0.5565080806410497,0.59,0.4432078188997876,0.15615723314178992,0.5,0.0,0.5125678597253961,0.22,positive
0.9026224600269984,0.69,0.5567324645575387,0.3783213164293319,0.5,0.0,0.5278921737260858,0.22,positive
0.6946649256016919,0.5615033227922155,0.3830000161762656,0.1981639132397727,0.5,0.0,0.531015179138187,0.22,positive
0.8298169289552788,0.6631541504557602,0.44821095606565037,0.37250706407430445,0.5,0.0,0.5619488982647928,0.22,positive
0.7242598954513514,0.5566464788900009,0.4069672215144541,0.25701897525846057,0.5,0.0,0.49033874918179926,0.22326373378344694,positive
0.8865579045964298,0.6324944880964496,0.3986121372378603,0.2234006440927242,0.5,0.0,0.54,0.22,positive
0.6892574508058812,0.5275064639789279,0.41408399907315613,0.1432024565259965,0.5,0.0,0.5492617780317465,0.22,positive
0.372391797711541,0.4153637188978072,0.47054156139212877,0.17750944708533273,0.5,0.0,0.5066766297521983,0.3040384611590553,positive
0.9496477868649618,0.6141391170879555,0.32201597354919276,0.44539166535778374,0.5,0.0,0.3947625981006595,0.22,positive
0.6794427490124216,0.6312401642653436,0.3531192339114268,0.49327149147757887,0.5,0.0,0.5121531271492396,0.22,positive
0.7811662702921963,0.6297699328233822,0.5147060533138785,0.15931791422110128,0.5,0.0,0.5365870005447241,0.22,positive
0.8566323628119562,0.6,0.41037692791489494,0.39505782244832044,0.5,0.0,0.5447841899186326,0.22,positive
0.7736185542687316,0.6147954876513427,0.35511331741689045,0.33908866877582283,0.5,0.0,0.5946969651523979,0.2705260715953826,positive
0.5616723426542501,0.42,0.45114877099062356,0.16,0.5,0.0,0.52,0.22,positive
0.41000776808135153,0.3867970706494091,0.46535521377702044,0.15242488430148635,0.5,0.0,0.5021774011772581,0.2690568759876111,positive
0.44396973045912264,0.46394660576212265,0.47420691326048575,0.16387749991207406,1.0,0.0,0.4933238592955699,0.25781190721786645,positive
0.7988167946129123,0.570456310664848,0.3837353876363784,0.33255316667007156,0.5,0.0,0.5311412255747892,0.22,positive
0.7202211949042892,0.5192196878586255,0.47381937484436626,0.16836458974373003,0.5,0.0,0.46,0.22,positive
0.8311425168496055,0.75,0.44233722762614525,0.42429092208463365,0.5,0.0,0.42901083030649056,0.31448738274842925,positive
0.7531635470857917,0.7481284680211684,0.5770267115425795,0.3862519088418406,0.5,0.0,0.4074850197039911,0.3485061733607596,positive
0.7648081163148995,0.7411615836327828,0.34405819265329185,0.28282972748739926,0.5,0.0,0.5183180159722729,0.22,positive
0.7033026570212906,0.5621452274293816,0.3524436042573387,0.19541493667870982,0.5,0.0,0.5291135979643448,0.22806608002277723,positive
0.851765105004655,0.6719914342952106,0.37724716052106394,0.2300140442435457,0.5,0.0,0.54,0.22,positive
0.8518701913245231,0.6945137952187878,0.5095987856771311,0.35657893222271403,0.5,0.0,0.4965550613570214,0.22,positive
0.744912512108186,0.5014323596391407,0.5099403850554075,0.1937140516118213,0.5,0.0,0.4798117244159747,0.2470261635678909,positive
0.8037402708759777,0.8740789542569238,0.3920333683153384,0.3859586547073613,0.5,0.0,0.5203897037731133,0.2363872066409613,positive
0.5850687720147182,0.6444285210759971,0.4071232011744439,0.348442156956805,0.5,0.0,0.5065513943933763,0.29610862199362403,positive
0.5546696254522913,0.505924587033296,0.3708571076940084,0.218466205522479,0.5,0.0,0.500762552375957,0.22,positive
0.7679379062964341,0.6649641161439888,0.3832009361775243,0.29186440966242266,0.5,0.0,0.540308042829432,0.22,positive
0.6882780174419094,0.5976131322655895,0.36555742219553583,0.2089745510228981,0.5,0.0,0.5381638135410922,0.22,positive
0.5430149147307907,0.5062006285482087,0.47421434105108146,0.2,0.5,0.0,0.5320778344135402,0.22,positive
0.3824346993605619,0.3869518716662017,0.44331216542476287,0.13456222791205205,0.5,0.0,0.4793106958703896,0.22,positive
0.680812432951545,0.4814143589621569,0.39610007981195544,0.17623204010353,0.5,0.0,0.5634739134160727,0.22,positive
0.6957710119462093,0.5720580379585329,0.3508890086794701,0.1944598890353252,0.5,0.0,0.5233199759298146,0.23035938814847745,positive
0.6987385032282718,0.57,0.34743535155021094,0.19,0.5,0.0,0.5252366941082239,0.3799484770287267,positive
0.7200010414699591,0.6269094033081954,0.5189248420181491,0.10599802490706575,0.5,0.0,0.5300324210119524,0.22,positive
0.815690252170558,0.5751061262693227,0.34720584960789386,0.11947682067067816,0.5,0.0,0.53,0.22,positive
0.7889155772507848,0.6626413191807535,0.3694068458369341,0.2380219358071077,0.5,0.0,0.5810581244202403,0.25576015566291166,positive
0.43466219490156416,0.71,0.3916101388514981,0.18120793862257578,0.5,0.0,0.5227899496431665,0.245796364675344,positive
0.86,0.7712055899577731,0.34987591397793744,0.16514538540103008,0.5,0.0,0.5322685048005864,0.22,positive
0.6491880007248447,0.5072907351093056,0.48344968421869505,0.2899758705438991,0.5,0.0,0.5329839712232168,0.47,positive
0.5634372658202915,0.5785064680833303,0.44372982341520145,0.15387518108551018,0.5,0.0,0.5378618914778774,0.22,positive
0.7965298514106083,0.6891722647873992,0.53,0.25465244458054354,0.5,0.0,0.5186073634275742,0.22,positive
0.6825477317790419,0.5320155782664172,0.37174036323599435,0.17516683435337602,0.5,0.0,0.5527513482032704,0.22,positive
0.7646233445427557,0.7045929392375824,0.5611094883737975,0.38946467934080675,0.5,0.0,0.5479006641323139,0.25988776561095916,positive
0.7211028637464446,0.5589784951404247,0.40302020193977334,0.18495350801095872,0.5,0.0,0.5015003210174094,0.2448018932390921,positive
0.8470377046285507,0.5876127034995218,0.38205398897975784,0.29508025985745534,0.5,0.0,0.52232872175943,0.22,positive
0.673606877232114,0.49861824711232433,0.4227052794985581,0.13681386219335595,0.5,0.0,0.5335506503583918,0.22,positive
0.37,0.41399927866360625,0.45264795981161005,0.1483454522368712,0.5,0.0,0.4865775875013867,0.2718722271377783,positive
0.8701765087917359,0.7127893844821818,0.3069833672105942,0.4117041923413617,0.5,0.0,0.48065003355615465,0.22,positive
0.6210922220429124,0.5982779056727477,0.38076749790018904,0.5362226486500629,0.5,0.0,0.5069749284583093,0.25543677018638133,positive
0.8053804418982875,0.6591120421757618,0.4056664533591381,0.17200647049075474,0.5,0.0,0.5308718527896817,0.22,positive
0.7736802210004841,0.6,0.3545487435756751,0.38729088745876866,0.5,0.0,0.5406764850877454,0.22,positive
0.7774655186247005,0.6115830166342681,0.4168204739130918,0.3406740741581648,0.5,0.0,0.5986147874628026,0.2765375916891801,positive
0.5236104897604509,0.42754577013314077,0.47607582070622434,0.1696917455128918,0.5,0.0,0.5085612316186733,0.25384168169758903,positive
0.3782748462282089,0.38864911836589366,0.4687770964749292,0.16808589572529012,0.5,0.0,0.5046693734646639,0.26377646059304205,positive
0.46511062044692364,0.42010937640470075,0.4908316698057164,0.20228538163913046,1.0,0.0,0.4623617213697425,0.22,positive
0.7773613191968797,0.5546072890007209,0.38489687966050623,0.299380701763903,0.5,0.0,0.51,0.24844709340781743,positive
0.7409141541698256,0.5519076528959226,0.44860086489877277,0.16178345888203502,0.5,0.0,0.5299116337030731,0.22,positive
0.7628873912380687,0.75,0.45131027980753524,0.4587840075022814,0.5,0.0,0.4045653982090272,0.26859774343859105,positive
0.8334637431153756,0.7369464199580144,0.5657920560176246,0.3770402310500159,0.5,0.0,0.557911950383814,0.2724091308306915,positive
0.8453777492982166,0.6800782973441489,0.3756597834744492,0.3285149041655594,0.5,0.0,0.516486173979587,0.22,positive
0.6700146135455305,0.5686939709525831,0.38214878158127413,0.2648473956313693,0.5,0.0,0.5379828443787923,0.22,positive
0.8758127951186331,0.6736534151329495,0.39911174984609904,0.228392918844955,0.5,0.0,0.54,0.22,positive
0.9655451646299233,0.7389725308712766,0.4000685620970065,0.37080314869717856,0.5,0.0,0.37497523438383185,0.22,positive
0.8059731034918763,0.5459569571312679,0.5146337884526223,0.18859047233391585,0.5,0.0,0.5297180536239381,0.24968453644511854,positive
0.8328510920622955,0.8908483001256197,0.34924535591663913,0.4005554779512983,0.5,0.0,0.53,0.22,positive
0.5887794250131583,0.7231127983208497,0.4564171994150458,0.19060696991134585,0.5,0.0,0.54,0.3335520619212956,positive
0.5504749889343733,0.4941946395839723,0.4153599326416836,0.2133133021779355,0.5,0.0,0.5026561137515224,0.22,positive
0.761396764637403,0.6519416906281408,0.41802961229987434,0.28007556388701293,0.5,0.0,0.543530284103275,0.22,positive
0.7190625129547721,0.589220344215095,0.3830071394405073,0.2628051223533505,0.5,0.0,0.5142446040504306,0.2578276091673315,positive
0.547700863738644,0.49363959888380726,0.4456163775330316,0.2,0.5,0.0,0.5262426655695405,0.22,positive
0.4571990379589619,0.401577545671488,0.39728632118167934,0.15791662972593767,0.5,0.0,0.5025768948624908,0.22,positive
0.6849364203109931,0.48596403008762434,0.3901654284196575,0.1797543676856314,0.5,0.0,0.5948120578960099,0.22,positive
0.7053569767618566,0.5684691991582707,0.36396840387546936,0.2457836699504162,0.5,0.0,0.5278116086382945,0.2682835333057328,positive
0.6938389025662014,0.57,0.3648048384951364,0.19,0.5,0.0,0.4936366100664244,0.36399281202992634,positive
0.6780794897160681,0.6222207211516583,0.5270949974700045,0.14989615482964916,0.5,0.0,0.5169617783577877,0.22,positive
0.7925965122215857,0.5732802263882325,0.3363959578339133,0.14730647371391312,0.5,0.0,0.53,0.24842682799021593,positive
0.7694013769768814,0.6320931790999473,0.3607878608236447,0.3384799761100241,0.5,0.0,0.588701558613678,0.2779506388871569,positive
0.3734789955851383,0.6600145044404122,0.48420742604944444,0.16502052191765093,0.5,0.0,0.521172145038745,0.22810656075063235,positive
0.8395559172419019,0.731569401216875,0.3403900016678787,0.15812623201393505,0.5,0.0,0.5360427697428407,0.22,positive
0.7631039539159389,0.48837758524719294,0.4724214168156606,0.2193803299549859,0.5,0.0,0.5374600783134122,0.47,positive
0.5322962665520327,0.59,0.4601463909575227,0.1585895762388419,0.5,0.0,0.517123627380622,0.22,positive
0.755978145562843,0.6464600490002075,0.5021605683630783,0.321188828633152,0.5,0.0,0.5233913046857818,0.22,positive
0.6888965652122769,0.5917028844058384,0.37801519040059905,0.25893962616769123,0.5,0.0,0.5560268617888449,0.22,positive
0.7840955850498652,0.6914136664628647,0.5641224151303655,0.3881928048493864,0.5,0.0,0.5345149460103324,0.25760737091694713,positive
0.7132809302071003,0.56,0.3949909972062178,0.26202219807951843,0.5,0.0,0.5165113083480806,0.22275342307713325,positive
0.8977729920098746,0.5805641684185264,0.43549947653262294,0.18838942213353063,0.5,0.0,0.5333059833330361,0.22,positive
0.6800239911372914,0.48215434837707977,0.4257312173863338,0.23222124580515235,0.5,0.0,0.5782435054626274,0.22,positive
0.3710437971526178,0.3930946834114293,0.4658994115520911,0.1484467104179144,0.5,0.0,0.5089839374497744,0.2910894545444441,positive
0.966646475536248,0.6477795843236921,0.29301812656531023,0.43760638252792794,0.5,0.0,0.5313469429789386,0.22,positive
0.6731404299065284,0.6441718217104941,0.3597908385911795,0.4083036138207039,0.5,0.0,0.511342675135898,0.22,positive
0.8039492762395245,0.6193321046153106,0.4307966110310182,0.17,0.5,0.0,0.53,0.22,positive
0.9391141581362894,0.6019442635294492,0.39531587902526955,0.2863389062989382,0.5,0.0,0.54,0.22,positive
0.7224247852613148,0.6,0.462634584561045,0.3165917587849206,0.5,0.0,0.5630263965705217,0.22,positive
0.5178971386294576,0.4292066043655294,0.4472085280247044,0.1841143992782526,0.5,0.0,0.5109875553582308,0.22,positive
0.41635129729820974,0.389420065347396,0.465131444500382,0.13907965488228397,0.5,0.0,0.5056609605136159,0.24958092401813228,positive
0.45516550729095767,0.4102702723261116,0.45329429995923726,0.15750302390088325,1.0,0.0,0.5041831641147645,0.2548141319054808,positive
0.8009219725507878,0.555490013515394,0.3826968597854351,0.29131727225350945,0.5,0.0,0.5161206693807855,0.22,positive
0.7156260838802652,0.5050445488908314,0.46635543618210595,0.16380107607983316,0.5,0.0,0.46,0.22,positive
0.7685758265789829,0.7489242768546027,0.5345017304750761,0.4331438084759466,0.5,0.0,0.48845210388911164,0.33367507753583936,positive
0.7418270006156014,0.6232330155351055,0.5125285981146518,0.33364831889801144,0.5,0.0,0.536302024331584,0.2354429087696357,positive
0.8507626246054676,0.7352617099901484,0.32767353625908113,0.35822035920275436,0.5,0.0,0.5116790396388641,0.22,positive
0.7135732272943803,0.56,0.398950172574509,0.2636944879072139,0.5,0.0,0.5108890496946206,0.23617735020447206,positive
0.7856854830492848,0.6777903605229335,0.381224029789268,0.23386292615542342,0.5,0.0,0.54,0.22,positive
0.8164880705038255,0.7147278896420293,0.4934509496224372,0.35425365383392304,0.5,0.0,0.502211532706994,0.22,positive
0.819614460246854,0.4998080403438726,0.5068112936838196,0.17376249855596787,0.5,0.0,0.5273952948059466,0.24700372811254562,positive
0.8596696777559958,0.8101469014563203,0.3401688774666272,0.19125430564968604,0.5,0.0,0.53,0.22,positive
0.5863424551249692,0.7258760816130172,0.4528637937320078,0.22851651024676034,0.5,0.0,0.54,0.41725155700716077,positive
0.5831376262217887,0.4832285083809004,0.4459874199803176,0.22,0.5,0.0,0.509838541212592,0.24714645424866752,positive
0.7983856657441966,0.6272728564309838,0.40823406549389807,0.1766435954382297,0.5,0.0,0.5357553596461437,0.22,positive
0.6940990412473985,0.573957431754922,0.3884239402526834,0.27,0.5,0.0,0.52,0.22,positive
0.5439795461197162,0.5345902962114383,0.44613967991803594,0.1717023884365922,0.5,0.0,0.56,0.22,positive
0.4441493044053594,0.40570146215785535,0.4098180683532563,0.15815118576516463,0.5,0.0,0.5155713293404477,0.22,positive
0.6781144241510979,0.5607811304338898,0.3673276187208662,0.23584765295065768,0.5,0.0,0.5855258870096338,0.22,positive
0.6960477182572924,0.5762641671789491,0.34536978190076467,0.2588189088524694,0.5,0.0,0.5246475741820705,0.2682070434300578,positive
0.65879350614816,0.5698033964931969,0.4337992324121547,0.16361692262851146,0.5,0.0,0.524381982568947,0.40626123086392124,positive
0.7975899539071122,0.6250671564089872,0.5259168072189168,0.13675551355272872,0.5,0.0,0.5366017071774657,0.22,positive
0.790282008934314,0.5763288787250855,0.3802493890221275,0.14069080227390246,0.5,0.0,0.53,0.22,positive
0.7718589845158063,0.6188372371721694,0.3534361376689844,0.3414394733777905,0.5,0.0,0.5833127538765905,0.23416404996960538,positive
0.4398891602405054,0.71,0.4144285870145657,0.15045559314434326,0.5,0.0,0.5209754302750611,0.2638142500233382,positive
0.8528543011030615,0.6676763111791956,0.38530895363861173,0.15367201055746785,0.5,0.0,0.53,0.22,positive
0.618273839757749,0.5113233373846688,0.47843812659481455,0.27320169766845614,0.5,0.0,0.5348983989979468,0.45311445502368775,positive
0.5910109416593843,0.5995315053320928,0.4490764470818628,0.16,0.5,0.0,0.5234730308965055,0.22,positive
0.8493546591257987,0.69,0.5423401678834765,0.3849629712532008,0.5,0.0,0.5478824357521678,0.22,positive
0.6857019100805891,0.57,0.35979926532168127,0.19,0.5,0.0,0.5333490096429356,0.23629626142746216,positive
0.8443909185259946,0.69,0.5549663377968634,0.33333687028727693,0.5,0.0,0.5419104588086675,0.22,positive
0.703458464267344,0.6024587114567467,0.3801132598312127,0.26354613725579973,0.5,0.0,0.5115548466843585,0.22908787721408105,positive
0.9008997238114916,0.6146556644605261,0.4043299580391399,0.21241305162816693,0.5,0.0,0.5309100396203507,0.22,positive
0.6442894495369714,0.5095583799528817,0.39886700201156206,0.14946957266752037,0.5,0.0,0.5414181273463735,0.22,positive
0.41042639958984095,0.3983537757797861,0.46228547717238283,0.14639141918888293,0.5,0.0,0.503278294869847,0.2895567157979125,positive
0.8885941625313932,0.7182215336207748,0.3576098564874117,0.36988306654205527,0.5,0.0,0.3931837946357896,0.22,positive
0.6682348088868766,0.7171173649863376,0.32,0.4387927683462172,0.5,0.0,0.51,0.22,positive
0.8051775731965168,0.6097077793246585,0.44771534813519154,0.17,0.5,0.0,0.53,0.22,positive
0.9051798177540262,0.6141587837119147,0.340352132673831,0.4791528783450027,0.5,0.0,0.5953831222240409,0.22369714299674548,positive
0.7848222902815726,0.6176624772431557,0.3796371946541818,0.33948461390394585,0.5,0.0,0.59203952326175,0.23674180197894892,positive
